--------------------------------------------------------------------------------
File Name:                	C:\Users\ODaiman2\Downloads\STDF Result\TXBoard166STS.stdf+C:\Users\ODaiman2\Downloads\STDF Result\TXBoard169STS.std+C:\Users\ODaiman2\Downloads\STDF Result\TXBoard266STS.stdf+C:\Users\ODaiman2\Downloads\STDF Result\TXBoard269STS.stdf
Lot ID:                   	Default, , Default, Default

Test #   Test Name                                   Count         Mean           SD           Min          Max        Range    QC-Lo-Lim    QC-Hi-Lim    Units   
    10   TxBrd_DIB_Supply_5V_1                         123       4.9859   0.3824E-03        4.9852       4.9866       0.0014        4.500        5.500    
    20   TxBrd_DIB_Supply_5V_2                         123       5.0103       0.0144        4.9953       5.0246       0.0293        4.500        5.500   V
    30   TxBrd_DIB_Supply_5V_3                         123       5.0100       0.0028        5.0068       5.0133       0.0066        4.500        5.500   V
    40   TxBrd_DIB_Supply_12V_Slave                    123      12.0481       0.0091       12.0377      12.0584       0.0208       10.500       13.050   V
    50   TxBrd_Master_15V                              123      14.7359       0.0405       14.6940      14.7775       0.0835       13.500       16.500   V
    60   TxBrd_Slave_15V                               123      14.9074       0.1117       14.7930      15.0167       0.2237       13.500       16.500   V
    70   TxBrd_Relay_Supply_12V                        123      11.5675       0.0207       11.4188      11.5934       0.1746       10.500       13.050   V
    80   TxBrd_TFE_5V                                  123       4.9850       0.0247        4.9595       5.0092       0.0498        4.500        5.500   V
    90   TxBrd_HMOD_5V                                 123       4.9714       0.0138        4.9559       4.9852       0.0293        4.500        5.500   V
   100   TxBrd_COMP_n5p2V                              123      -5.1953       0.0028       -5.1984      -5.1920       0.0064       -5.500       -4.500   V
   110   TxBrd_XOR_n5V                                 123      -4.9988       0.0063       -5.0055      -4.9920       0.0134       -5.500       -4.500   V
   120   TxBrd_n2V                                     123      -1.9799       0.0017       -1.9822      -1.9776       0.0046       -2.500       -1.500   V
   130   TxBrd_DC30V_SL24_CH1_HI_Voltage               123       2.9946   0.1544E-03        2.9943       2.9949   0.5896E-03        2.500        3.500   V
   140   TxBrd_DC30V_SL24_CH3_HI_Voltage               123       2.9947   0.2523E-03        2.9943       2.9952   0.8795E-03        2.500        3.500   V
   150   TxBrd_DC30V_SL24_CH5_HI_Voltage               123       2.9944       0.0013        2.9915       2.9970       0.0055        2.500        3.500   V
   160   TxBrd_DC30V_SL24_CH7_HI_Voltage               123       2.9935       0.0011        2.9910       2.9965       0.0055        2.500        3.500   V
   170   TxBrd_DC30V_SL24_CH9_HI_Voltage               123       2.9940   0.1614E-03        2.9938       2.9944   0.6828E-03        2.500        3.500   V
   180   TxBrd_DC30V_SL24_CH11_HI_Voltage              123       2.9941   0.1165E-03        2.9939       2.9943   0.4110E-03        2.500        3.500   V
   190   TxBrd_DC30V_SL24_CH13_HI_Voltage              123       2.9931   0.1738E-03        2.9928       2.9934   0.6497E-03        2.500        3.500   V
   200   TxBrd_DC30V_SL24_CH15_HI_Voltage              123       2.9933   0.2234E-03        2.9928       2.9937   0.8178E-03        2.500        3.500   V
   210   TxBrd_DC30V_SL24_CH17_HI_Voltage              123       2.9945   0.1308E-03        2.9942       2.9947   0.5147E-03        2.500        3.500   V
   220   TxBrd_DC30V_SL24_CH19_HI_Voltage              123       2.9944   0.1038E-03        2.9942       2.9946   0.3886E-03        2.500        3.500   V
   230   TxBrd_DC30V_SL04_CH1_HI_Voltage               123       2.9946   0.1411E-03        2.9944       2.9949   0.5147E-03        2.500        3.500   V
   240   TxBrd_DC30V_SL04_CH3_HI_Voltage               123       2.9949   0.1434E-03        2.9946       2.9951   0.4952E-03        2.500        3.500   V
   250   TxBrd_DC30V_SL04_CH5_HI_Voltage               123       2.9947   0.2197E-03        2.9942       2.9950   0.7279E-03        2.500        3.500   V
   260   TxBrd_DC30V_SL04_CH7_HI_Voltage               123       2.9945   0.1294E-03        2.9943       2.9947   0.4697E-03        2.500        3.500   V
   270   TxBrd_DC30V_SL04_CH9_HI_Voltage               123       2.9950   0.1806E-03        2.9947       2.9953   0.5553E-03        2.500        3.500   V
   280   TxBrd_DC30V_SL04_CH11_HI_Voltage              123       2.9947   0.2894E-03        2.9944       2.9953   0.9050E-03        2.500        3.500   V
   290   TxBrd_DC30V_SL04_CH13_HI_Voltage              123       2.9952   0.1936E-03        2.9949       2.9956   0.7112E-03        2.500        3.500   V
   300   TxBrd_DC30V_SL04_CH15_HI_Voltage              123       2.9953   0.1480E-03        2.9951       2.9955   0.4771E-03        2.500        3.500   V
   310   TxBrd_DC30V_SL04_CH17_HI_Voltage              123       2.9949   0.1642E-03        2.9946       2.9952   0.5658E-03        2.500        3.500   V
   320   TxBrd_DC30V_SL04_CH19_HI_Voltage              123       2.9941   0.2083E-03        2.9937       2.9945   0.7427E-03        2.500        3.500   V
   330   TxBrd_DC30V_SL10_CH1_HI_Voltage               123       2.9931   0.1453E-03        2.9928       2.9934   0.5748E-03        2.500        3.500   V
   340   TxBrd_DC30V_SL10_CH3_HI_Voltage               123       2.9937   0.1470E-03        2.9934       2.9940   0.5701E-03        2.500        3.500   V
   350   TxBrd_DC30V_SL10_CH5_HI_Voltage               123       2.9932   0.1859E-03        2.9929       2.9935   0.6168E-03        2.500        3.500   V
   360   TxBrd_DC30V_SL10_CH7_HI_Voltage               123       2.9924   0.1378E-03        2.9921       2.9926   0.4847E-03        2.500        3.500   V
   370   TxBrd_DC30V_SL10_CH9_HI_Voltage               123       2.9935   0.1472E-03        2.9933       2.9938   0.4995E-03        2.500        3.500   V
   380   TxBrd_DC30V_SL10_CH11_HI_Voltage              123       2.9937   0.1477E-03        2.9935       2.9940   0.4952E-03        2.500        3.500   V
   390   TxBrd_DC30V_SL10_CH13_HI_Voltage              123       2.9915   0.2354E-03        2.9910       2.9919   0.8509E-03        2.500        3.500   V
   400   TxBrd_DC30V_SL10_CH15_HI_Voltage              123       2.9922   0.1853E-03        2.9919       2.9926   0.6588E-03        2.500        3.500   V
   410   TxBrd_DC30V_SL10_CH17_HI_Voltage              123       2.9913   0.2084E-03        2.9909       2.9916   0.6528E-03        2.500        3.500   V
   420   TxBrd_DC30V_SL10_CH19_HI_Voltage              123       2.9925   0.1753E-03        2.9922       2.9929   0.6213E-03        2.500        3.500   V
   430   TxBrd_DC30V_SL24_CH2_LO_Current               123   0.9998E-03   0.0432E-06    0.9997E-03   0.9999E-03   0.1920E-06    0.500E-03        0.002   A
   440   TxBrd_DC30V_SL24_CH4_LO_Current               123   0.9999E-03   0.0343E-06    0.9998E-03   1.0000E-03   0.1519E-06    0.500E-03        0.002   A
   450   TxBrd_DC30V_SL24_CH6_LO_Current               123   0.9999E-03   0.0992E-06    0.9997E-03       0.0010   0.3414E-06    0.500E-03        0.002   A
   460   TxBrd_DC30V_SL24_CH8_LO_Current               123   0.9998E-03   0.0807E-06    0.9996E-03   0.9999E-03   0.2971E-06    0.500E-03        0.002   A
   470   TxBrd_DC30V_SL24_CH10_LO_Current              123   0.9998E-03   0.0965E-06    0.9997E-03       0.0010   0.3289E-06    0.500E-03        0.002   A
   480   TxBrd_DC30V_SL24_CH12_LO_Current              123   0.9998E-03   0.0600E-06    0.9997E-03   1.0000E-03   0.2489E-06    0.500E-03        0.002   A
   490   TxBrd_DC30V_SL24_CH14_LO_Current              123   0.9999E-03   0.0229E-06    0.9998E-03   0.9999E-03   0.1020E-06    0.500E-03        0.002   A
   500   TxBrd_DC30V_SL24_CH16_LO_Current              123   0.9998E-03   0.0826E-06    0.9996E-03   0.9999E-03   0.3207E-06    0.500E-03        0.002   A
   510   TxBrd_DC30V_SL24_CH18_LO_Current              123   0.9998E-03   0.0754E-06    0.9997E-03   1.0000E-03   0.2632E-06    0.500E-03        0.002   A
   520   TxBrd_DC30V_SL24_CH20_LO_Current              123   0.9998E-03   0.1079E-06    0.9997E-03       0.0010   0.3789E-06    0.500E-03        0.002   A
   530   TxBrd_DC30V_SL10_CH2_LO_Current               123   0.9998E-03   0.0408E-06    0.9997E-03   0.9999E-03   0.1751E-06    0.500E-03        0.002   A
   540   TxBrd_DC30V_SL10_CH4_LO_Current               123   0.9998E-03   0.0601E-06    0.9997E-03   0.9999E-03   0.2576E-06    0.500E-03        0.002   A
   550   TxBrd_DC30V_SL10_CH6_LO_Current               123   0.9999E-03   0.0815E-06    0.9997E-03       0.0010   0.2821E-06    0.500E-03        0.002   A
   560   TxBrd_DC30V_SL10_CH8_LO_Current               123   0.9999E-03   0.0375E-06    0.9998E-03   0.9999E-03   0.1645E-06    0.500E-03        0.002   A
   570   TxBrd_DC30V_SL10_CH10_LO_Current              123   0.9999E-03   0.0494E-06    0.9998E-03   1.0000E-03   0.2069E-06    0.500E-03        0.002   A
   580   TxBrd_DC30V_SL10_CH12_LO_Current              123   0.9998E-03   0.0511E-06    0.9997E-03   0.9998E-03   0.1957E-06    0.500E-03        0.002   A
   590   TxBrd_DC30V_SL10_CH14_LO_Current              123   0.9998E-03   0.0524E-06    0.9996E-03   0.9999E-03   0.2133E-06    0.500E-03        0.002   A
   600   TxBrd_DC30V_SL10_CH16_LO_Current              123   0.9998E-03   0.1084E-06    0.9997E-03   1.0000E-03   0.3383E-06    0.500E-03        0.002   A
   610   TxBrd_DC30V_SL10_CH18_LO_Current              123   0.9998E-03   0.0696E-06    0.9997E-03   1.0000E-03   0.2302E-06    0.500E-03        0.002   A
   620   TxBrd_DC30V_SL10_CH20_LO_Current              123   0.9998E-03   0.1007E-06    0.9996E-03       0.0010   0.3658E-06    0.500E-03        0.002   A
   630   TxBrd_DC30V_SL04_CH2_LO_Current               123   0.9998E-03   0.0627E-06    0.9997E-03   0.9999E-03   0.2452E-06    0.500E-03        0.002   A
   640   TxBrd_DC30V_SL04_CH4_LO_Current               123   0.9999E-03   0.0574E-06    0.9997E-03       0.0010   0.2658E-06    0.500E-03        0.002   A
   650   TxBrd_DC30V_SL04_CH6_LO_Current               123   0.9999E-03   0.0501E-06    0.9998E-03   1.0000E-03   0.1976E-06    0.500E-03        0.002   A
   660   TxBrd_DC30V_SL04_CH8_LO_Current               123   0.9998E-03   0.1677E-06    0.9996E-03       0.0010   0.5108E-06    0.500E-03        0.002   A
   670   TxBrd_DC30V_SL04_CH10_LO_Current              123   0.9999E-03   0.1156E-06    0.9998E-03       0.0010   0.3719E-06    0.500E-03        0.002   A
   680   TxBrd_DC30V_SL04_CH12_LO_Current              123   0.9999E-03   0.1045E-06    0.9998E-03       0.0010   0.3839E-06    0.500E-03        0.002   A
   690   TxBrd_DC30V_SL04_CH14_LO_Current              123   0.9998E-03   0.0555E-06    0.9998E-03   0.9999E-03   0.1976E-06    0.500E-03        0.002   A
   700   TxBrd_DC30V_SL04_CH16_LO_Current              123   0.9998E-03   0.0510E-06    0.9997E-03   0.9999E-03   0.2007E-06    0.500E-03        0.002   A
   710   TxBrd_DC30V_SL04_CH18_LO_Current              123   0.9998E-03   0.0564E-06    0.9997E-03   0.9999E-03   0.2132E-06    0.500E-03        0.002   A
   720   TxBrd_DC30V_SL04_CH20_LO_Current              123   0.9998E-03   0.0329E-06    0.9997E-03   0.9999E-03   0.1495E-06    0.500E-03        0.002   A
   730   TxBrd_DC90V_SL23_1A_Voltage                   123       5.0000   0.5079E-06        5.0000       5.0000   0.0029E-03        0.300        5.100   V
   740   TxBrd_DC90V_SL23_2A_Voltage                   123       5.0000   0.5437E-06        5.0000       5.0000   0.0029E-03        0.300        5.100   V
   750   TxBrd_DC90V_SL23_3A_Voltage                   123       5.0000   0.5287E-06        5.0000       5.0000   0.0033E-03        0.300        5.100   V
   760   TxBrd_DC90V_SL23_4A_Voltage                   123       5.0000   0.5015E-06        5.0000       5.0000   0.0024E-03        0.300        5.100   V
   770   TxBrd_DC90V_SL23_1B_Voltage                   123       5.0000   0.5406E-06        5.0000       5.0000   0.0029E-03        0.300        5.100   V
   780   TxBrd_DC90V_SL23_2B_Voltage                   123       5.0000   0.1240E-03        4.9996       5.0003   0.6962E-03        0.300        5.100   V
   790   TxBrd_DC90V_SL23_3B_Voltage                   123       5.0000   0.5357E-06        5.0000       5.0000   0.0029E-03        0.300        5.100   V
   800   TxBrd_DC90V_SL23_4B_Voltage                   123       5.0000   0.1119E-03        4.9998       5.0003   0.5589E-03        0.300        5.100   V
   810   TxBrd_DC90_Relay1_Droop                       123       0.0025   0.2438E-03        0.0017       0.0031       0.0014        0.001        0.500   V
   820   TxBrd_DC90_Relay2_Droop                       123       0.0026   0.2232E-03        0.0018       0.0032       0.0014        0.001        0.500   V
   830   TxBrd_DC90_Relay3_Droop                       123       0.0025   0.2641E-03        0.0020       0.0033       0.0013        0.001        0.500   V
   840   TxBrd_DC90_Relay4_Droop                       123       0.0025   0.2488E-03        0.0019       0.0033       0.0014        0.001        0.500   V
   850   TxBrd_DC90_Relay5_Droop                       123       0.0025   0.2410E-03        0.0019       0.0031       0.0012        0.001        0.500   V
   860   TxBrd_DC90_Relay6_Droop                       123       0.0025   0.2217E-03        0.0020       0.0032       0.0012        0.001        0.500   V
   870   TxBrd_DC90_Relay7_Droop                       123       0.0025   0.2345E-03        0.0018       0.0030       0.0013        0.001        0.500   V
   880   TxBrd_DC90_Relay8_Droop                       123       0.0025   0.2541E-03        0.0019       0.0031       0.0013        0.001        0.500   V
   890   TxBrd_DC90_Relay9_Droop                       123       0.0025   0.2329E-03        0.0019       0.0030       0.0012        0.001        0.500   V
   900   TxBrd_DC90_Relay10_Droop                      123       0.0025   0.2609E-03        0.0018       0.0031       0.0014        0.001        0.500   V
   910   TxBrd_DC90_Relay11_Droop                      123       0.0025   0.2200E-03        0.0019       0.0030       0.0011        0.001        0.500   V
   920   TxBrd_DC90_Relay12_Droop                      123       0.0024   0.2453E-03        0.0017       0.0030       0.0013        0.001        0.500   V
   930   TxBrd_DC90_Relay13_Droop                      123       0.0025   0.2564E-03        0.0018       0.0032       0.0014        0.001        0.500   V
   940   TxBrd_DC90_Relay14_Droop                      123       0.0025   0.2638E-03        0.0019       0.0035       0.0016        0.001        0.500   V
   950   TxBrd_DC90_Relay15_Droop                      123       0.0025   0.2225E-03        0.0020       0.0032       0.0012        0.001        0.500   V
   960   TxBrd_DC90_Relay16_Droop                      123       0.0025   0.2374E-03        0.0020       0.0032       0.0012        0.001        0.500   V
   970   TxBrd_DC90_Relay17_Droop                      123       0.0025   0.2414E-03        0.0018       0.0031       0.0012        0.001        0.500   V
   980   TxBrd_DC90_Relay18_Droop                      123       0.0025   0.2339E-03        0.0020       0.0031       0.0011        0.001        0.500   V
   990   TxBrd_DC90_Relay19_Droop                      123       0.0025   0.2375E-03        0.0017       0.0030       0.0014        0.001        0.500   V
  1000   TxBrd_DC90_Relay20_Droop                      123       0.0026   0.2476E-03        0.0019       0.0031       0.0012        0.001        0.500   V
  1010   TxBrd_DC90_Relay21_Droop                      123       0.0025   0.2662E-03        0.0018       0.0032       0.0014        0.001        0.500   V
  1020   TxBrd_DC90_Relay22_Droop                      123       0.0025   0.2333E-03        0.0019       0.0032       0.0013        0.001        0.500   V
  1030   TxBrd_DC90_Relay23_Droop                      123       0.0025   0.2778E-03        0.0019       0.0033       0.0014        0.001        0.500   V
  1040   TxBrd_DC90_Relay24_Droop                      123       0.0025   0.2340E-03        0.0019       0.0031       0.0011        0.001        0.500   V
  1050   TxBrd_DC90_Relay25_Droop                      123       0.0025   0.2505E-03        0.0018       0.0031       0.0012        0.001        0.500   V
  1060   TxBrd_DC90_Relay26_Droop                      123       0.0025   0.2397E-03        0.0019       0.0032       0.0013        0.001        0.500   V
  1070   TxBrd_DC90_Relay27_Droop                      123       0.0026   0.2329E-03        0.0020       0.0030       0.0011        0.001        0.500   V
  1080   TxBrd_DC90_Relay28_Droop                      123       0.0025   0.2439E-03        0.0019       0.0030       0.0011        0.001        0.500   V
  1090   TxBrd_DC90_Relay29_Droop                      123       0.0025   0.2436E-03        0.0020       0.0033       0.0013        0.001        0.500   V
  1100   TxBrd_DC90_Relay30_Droop                      123       0.0025   0.2400E-03        0.0019       0.0034       0.0014        0.001        0.500   V
  1110   TxBrd_DC90_Relay31_Droop                      123       0.0025   0.2535E-03        0.0018       0.0032       0.0014        0.001        0.500   V
  1120   TxBrd_DC90_Relay32_Droop                      123       0.0025   0.2442E-03        0.0019       0.0032       0.0013        0.001        0.500   V
  1130   TxBrd_P174_6571_DIO_0_HSD_HI_Current          123       0.0030   0.0151E-03        0.0029       0.0030   0.0792E-03        0.002        0.004   A
  1140   TxBrd_P174_6571_DIO_4_HSD_HI_Current          123       0.0030   0.0133E-03        0.0030       0.0030   0.0627E-03        0.002        0.004   A
  1150   TxBrd_P174_6571_DIO_8_HSD_HI_Current          123       0.0029   0.0183E-03        0.0029       0.0030   0.0930E-03        0.002        0.004   A
  1160   TxBrd_P174_6571_DIO_12_HSD_HI_Current         123       0.0029   0.0188E-03        0.0029       0.0030   0.0645E-03        0.002        0.004   A
  1170   TxBrd_P174_6571_DIO_16_HSD_HI_Current         123       0.0030   0.0330E-03        0.0029       0.0030   0.1139E-03        0.002        0.004   A
  1180   TxBrd_P174_6571_DIO_20_HSD_HI_Current         123       0.0030   0.0297E-03        0.0030       0.0031   0.0912E-03        0.002        0.004   A
  1190   TxBrd_P174_6571_DIO_24_HSD_HI_Current         123       0.0029   0.0098E-03        0.0029       0.0030   0.0706E-03        0.002        0.004   A
  1200   TxBrd_P174_6571_DIO_28_HSD_HI_Current         123       0.0030   0.0074E-03        0.0030       0.0030   0.0366E-03        0.002        0.004   A
  1210   TxBrd_P166_6571_DIO_0_HSD_HI_Current          123       0.0030   0.0127E-03        0.0030       0.0030   0.0566E-03        0.002        0.004   A
  1220   TxBrd_P166_6571_DIO_4_HSD_HI_Current          123       0.0029   0.0440E-03        0.0029       0.0030   0.1249E-03        0.002        0.004   A
  1230   TxBrd_P166_6571_DIO_8_HSD_HI_Current          123       0.0030   0.0447E-03        0.0029       0.0031   0.1428E-03        0.002        0.004   A
  1240   TxBrd_P166_6571_DIO_12_HSD_HI_Current         123       0.0030   0.0130E-03        0.0029       0.0030   0.0720E-03        0.002        0.004   A
  1250   TxBrd_P166_6571_DIO_16_HSD_HI_Current         123       0.0030   0.0212E-03        0.0030       0.0030   0.0882E-03        0.002        0.004   A
  1260   TxBrd_P166_6571_DIO_20_HSD_HI_Current         123       0.0030   0.0175E-03        0.0029       0.0030   0.0684E-03        0.002        0.004   A
  1270   TxBrd_P166_6571_DIO_24_HSD_HI_Current         123       0.0029   0.0118E-03        0.0029       0.0030   0.0845E-03        0.002        0.004   A
  1280   TxBrd_P166_6571_DIO_28_HSD_HI_Current         123       0.0029   0.0231E-03        0.0029       0.0030   0.0690E-03        0.002        0.004   A
  1290   TxBrd_P170_6571_DIO_0_HSD_HI_Current          123       0.0030   0.0386E-03        0.0029       0.0031   0.1382E-03        0.002        0.004   A
  1300   TxBrd_P170_6571_DIO_4_HSD_HI_Current          123       0.0029   0.0176E-03        0.0029       0.0030   0.1025E-03        0.002        0.004   A
  1310   TxBrd_P170_6571_DIO_8_HSD_HI_Current          123       0.0030   0.0172E-03        0.0030       0.0030   0.0673E-03        0.002        0.004   A
  1320   TxBrd_P170_6571_DIO_12_HSD_HI_Current         123       0.0030   0.0145E-03        0.0029       0.0030   0.0586E-03        0.002        0.004   A
  1330   TxBrd_P170_6571_DIO_16_HSD_HI_Current         123       0.0030   0.0519E-03        0.0029       0.0031   0.1494E-03        0.002        0.004   A
  1340   TxBrd_P170_6571_DIO_20_HSD_HI_Current         123       0.0029   0.0347E-03        0.0029       0.0030   0.0953E-03        0.002        0.004   A
  1350   TxBrd_P170_6571_DIO_24_HSD_HI_Current         123       0.0030   0.0582E-03        0.0029       0.0031   0.1567E-03        0.002        0.004   A
  1360   TxBrd_P170_6571_DIO_28_HSD_HI_Current         123       0.0029   0.0103E-03        0.0029       0.0030   0.0769E-03        0.002        0.004   A
  1370   TxBrd_P146_6571_DIO_0_HSD_HI_Current          123       0.0029   0.0128E-03        0.0029       0.0030   0.0598E-03        0.002        0.004   A
  1380   TxBrd_P146_6571_DIO_4_HSD_HI_Current          123       0.0030   0.0140E-03        0.0029       0.0030   0.0912E-03        0.002        0.004   A
  1390   TxBrd_P146_6571_DIO_8_HSD_HI_Current          123       0.0030   0.0288E-03        0.0029       0.0030   0.0971E-03        0.002        0.004   A
  1400   TxBrd_P146_6571_DIO_12_HSD_HI_Current         123       0.0029   0.0156E-03        0.0029       0.0030   0.0657E-03        0.002        0.004   A
  1410   TxBrd_P146_6571_DIO_16_HSD_HI_Current         123       0.0030   0.0313E-03        0.0029       0.0031   0.1237E-03        0.002        0.004   A
  1420   TxBrd_P146_6571_DIO_20_HSD_HI_Current         123       0.0030   0.0265E-03        0.0030       0.0030   0.0836E-03        0.002        0.004   A
  1430   TxBrd_P146_6571_DIO_24_HSD_HI_Current         123       0.0030   0.0147E-03        0.0029       0.0030   0.0688E-03        0.002        0.004   A
  1440   TxBrd_P146_6571_DIO_28_HSD_HI_Current         123       0.0030   0.0547E-03        0.0029       0.0030   0.1346E-03        0.002        0.004   A
  1450   TxBrd_P154_6571_DIO_0_HSD_HI_Current          123       0.0030   0.0396E-03        0.0029       0.0030   0.1192E-03        0.002        0.004   A
  1460   TxBrd_P154_6571_DIO_4_HSD_HI_Current          123       0.0029   0.0379E-03        0.0029       0.0030   0.1344E-03        0.002        0.004   A
  1470   TxBrd_P154_6571_DIO_8_HSD_HI_Current          123       0.0030   0.0174E-03        0.0029       0.0030   0.0846E-03        0.002        0.004   A
  1480   TxBrd_P154_6571_DIO_12_HSD_HI_Current         123       0.0030   0.0114E-03        0.0029       0.0030   0.0696E-03        0.002        0.004   A
  1490   TxBrd_P174_6571_DIO_1_HSD_LO_Voltage          123       2.9863       0.0013        2.9841       2.9888       0.0047        2.500        3.500   V
  1500   TxBrd_P174_6571_DIO_2_HSD_LO_Voltage          123       2.9864       0.0014        2.9840       2.9887       0.0047        2.500        3.500   V
  1510   TxBrd_P174_6571_DIO_3_HSD_LO_Voltage          123       2.9861       0.0013        2.9837       2.9884       0.0047        2.500        3.500   V
  1520   TxBrd_P174_6571_DIO_5_HSD_LO_Voltage          123       2.9854   0.7961E-03        2.9840       2.9867       0.0027        2.500        3.500   V
  1530   TxBrd_P174_6571_DIO_6_HSD_LO_Voltage          123       2.9852   0.8010E-03        2.9836       2.9864       0.0029        2.500        3.500   V
  1540   TxBrd_P174_6571_DIO_7_HSD_LO_Voltage          123       2.9848   0.7614E-03        2.9834       2.9860       0.0027        2.500        3.500   V
  1550   TxBrd_P174_6571_DIO_9_HSD_LO_Voltage          123       2.9880   0.2726E-03        2.9873       2.9888       0.0015        2.500        3.500   V
  1560   TxBrd_P174_6571_DIO_10_HSD_LO_Voltage         123       2.9876   0.2932E-03        2.9869       2.9885       0.0016        2.500        3.500   V
  1570   TxBrd_P174_6571_DIO_11_HSD_LO_Voltage         123       2.9875   0.2954E-03        2.9867       2.9881       0.0014        2.500        3.500   V
  1580   TxBrd_P174_6571_DIO_13_HSD_LO_Voltage         123       2.9865   0.4553E-03        2.9854       2.9875       0.0021        2.500        3.500   V
  1590   TxBrd_P174_6571_DIO_14_HSD_LO_Voltage         123       2.9874   0.4632E-03        2.9864       2.9885       0.0020        2.500        3.500   V
  1600   TxBrd_P174_6571_DIO_15_HSD_LO_Voltage         123       2.9872   0.4729E-03        2.9860       2.9882       0.0021        2.500        3.500   V
  1610   TxBrd_P174_6571_DIO_17_HSD_LO_Voltage         123       2.9876   0.6778E-03        2.9865       2.9887       0.0022        2.500        3.500   V
  1620   TxBrd_P174_6571_DIO_18_HSD_LO_Voltage         123       2.9874   0.6411E-03        2.9861       2.9886       0.0024        2.500        3.500   V
  1630   TxBrd_P174_6571_DIO_19_HSD_LO_Voltage         123       2.9878   0.6455E-03        2.9867       2.9888       0.0021        2.500        3.500   V
  1640   TxBrd_P174_6571_DIO_21_HSD_LO_Voltage         123       2.9886   0.7134E-03        2.9873       2.9898       0.0024        2.500        3.500   V
  1650   TxBrd_P174_6571_DIO_22_HSD_LO_Voltage         123       2.9879   0.6160E-03        2.9870       2.9892       0.0022        2.500        3.500   V
  1660   TxBrd_P174_6571_DIO_23_HSD_LO_Voltage         123       2.9882   0.6414E-03        2.9870       2.9894       0.0024        2.500        3.500   V
  1670   TxBrd_P174_6571_DIO_25_HSD_LO_Voltage         123       2.9864   0.2993E-03        2.9856       2.9870       0.0014        2.500        3.500   V
  1680   TxBrd_P174_6571_DIO_26_HSD_LO_Voltage         123       2.9863   0.4127E-03        2.9854       2.9872       0.0018        2.500        3.500   V
  1690   TxBrd_P174_6571_DIO_27_HSD_LO_Voltage         123       2.9866   0.3907E-03        2.9856       2.9874       0.0018        2.500        3.500   V
  1700   TxBrd_P174_6571_DIO_29_HSD_LO_Voltage         123       2.9869   0.5539E-03        2.9857       2.9879       0.0023        2.500        3.500   V
  1710   TxBrd_P174_6571_DIO_30_HSD_LO_Voltage         123       2.9860   0.6649E-03        2.9846       2.9873       0.0026        2.500        3.500   V
  1720   TxBrd_P174_6571_DIO_31_HSD_LO_Voltage         123       2.9862   0.5972E-03        2.9849       2.9873       0.0024        2.500        3.500   V
  1730   TxBrd_P166_6571_DIO_1_HSD_LO_Voltage          123       2.9870       0.0011        2.9853       2.9885       0.0032        2.500        3.500   V
  1740   TxBrd_P166_6571_DIO_2_HSD_LO_Voltage          123       2.9872   0.9661E-03        2.9855       2.9887       0.0031        2.500        3.500   V
  1750   TxBrd_P166_6571_DIO_3_HSD_LO_Voltage          123       2.9869   0.9543E-03        2.9855       2.9885       0.0030        2.500        3.500   V
  1760   TxBrd_P166_6571_DIO_5_HSD_LO_Voltage          123       2.9858       0.0014        2.9838       2.9879       0.0041        2.500        3.500   V
  1770   TxBrd_P166_6571_DIO_6_HSD_LO_Voltage          123       2.9858       0.0013        2.9839       2.9878       0.0039        2.500        3.500   V
  1780   TxBrd_P166_6571_DIO_7_HSD_LO_Voltage          123       2.9855       0.0013        2.9837       2.9875       0.0038        2.500        3.500   V
  1790   TxBrd_P166_6571_DIO_9_HSD_LO_Voltage          123       2.9865       0.0015        2.9838       2.9888       0.0050        2.500        3.500   V
  1800   TxBrd_P166_6571_DIO_10_HSD_LO_Voltage         123       2.9861       0.0015        2.9835       2.9884       0.0049        2.500        3.500   V
  1810   TxBrd_P166_6571_DIO_11_HSD_LO_Voltage         123       2.9860       0.0016        2.9830       2.9886       0.0056        2.500        3.500   V
  1820   TxBrd_P166_6571_DIO_13_HSD_LO_Voltage         123       2.9851   0.9773E-03        2.9831       2.9869       0.0037        2.500        3.500   V
  1830   TxBrd_P166_6571_DIO_14_HSD_LO_Voltage         123       2.9860   0.9229E-03        2.9840       2.9875       0.0035        2.500        3.500   V
  1840   TxBrd_P166_6571_DIO_15_HSD_LO_Voltage         123       2.9856   0.9320E-03        2.9839       2.9873       0.0033        2.500        3.500   V
  1850   TxBrd_P166_6571_DIO_17_HSD_LO_Voltage         123       2.9863       0.0013        2.9842       2.9885       0.0043        2.500        3.500   V
  1860   TxBrd_P166_6571_DIO_18_HSD_LO_Voltage         123       2.9861       0.0013        2.9841       2.9883       0.0042        2.500        3.500   V
  1870   TxBrd_P166_6571_DIO_19_HSD_LO_Voltage         123       2.9856       0.0011        2.9835       2.9876       0.0041        2.500        3.500   V
  1880   TxBrd_P166_6571_DIO_21_HSD_LO_Voltage         123       2.9875       0.0013        2.9851       2.9895       0.0045        2.500        3.500   V
  1890   TxBrd_P166_6571_DIO_22_HSD_LO_Voltage         123       2.9868       0.0014        2.9842       2.9889       0.0047        2.500        3.500   V
  1900   TxBrd_P166_6571_DIO_23_HSD_LO_Voltage         123       2.9870       0.0013        2.9847       2.9890       0.0043        2.500        3.500   V
  1910   TxBrd_P166_6571_DIO_25_HSD_LO_Voltage         123       2.9865   0.9309E-03        2.9849       2.9881       0.0032        2.500        3.500   V
  1920   TxBrd_P166_6571_DIO_26_HSD_LO_Voltage         123       2.9866   0.8602E-03        2.9853       2.9884       0.0031        2.500        3.500   V
  1930   TxBrd_P166_6571_DIO_27_HSD_LO_Voltage         123       2.9869   0.8408E-03        2.9854       2.9885       0.0031        2.500        3.500   V
  1940   TxBrd_P166_6571_DIO_29_HSD_LO_Voltage         123       2.9871   0.9495E-03        2.9856       2.9889       0.0032        2.500        3.500   V
  1950   TxBrd_P166_6571_DIO_30_HSD_LO_Voltage         123       2.9863   0.9590E-03        2.9849       2.9878       0.0029        2.500        3.500   V
  1960   TxBrd_P166_6571_DIO_31_HSD_LO_Voltage         123       2.9864       0.0010        2.9851       2.9880       0.0029        2.500        3.500   V
  1970   TxBrd_P170_6571_DIO_1_HSD_LO_Voltage          123       2.9867       0.0011        2.9848       2.9883       0.0035        2.500        3.500   V
  1980   TxBrd_P170_6571_DIO_2_HSD_LO_Voltage          123       2.9864       0.0011        2.9846       2.9881       0.0034        2.500        3.500   V
  1990   TxBrd_P170_6571_DIO_3_HSD_LO_Voltage          123       2.9868       0.0011        2.9850       2.9885       0.0035        2.500        3.500   V
  2000   TxBrd_P170_6571_DIO_5_HSD_LO_Voltage          123       2.9839   0.2981E-03        2.9832       2.9847       0.0015        2.500        3.500   V
  2010   TxBrd_P170_6571_DIO_6_HSD_LO_Voltage          123       2.9831   0.3155E-03        2.9824       2.9840       0.0016        2.500        3.500   V
  2020   TxBrd_P170_6571_DIO_7_HSD_LO_Voltage          123       2.9834   0.3048E-03        2.9826       2.9841       0.0015        2.500        3.500   V
  2030   TxBrd_P170_6571_DIO_9_HSD_LO_Voltage          123       2.9876   0.9130E-03        2.9862       2.9893       0.0031        2.500        3.500   V
  2040   TxBrd_P170_6571_DIO_10_HSD_LO_Voltage         123       2.9870   0.8910E-03        2.9857       2.9885       0.0028        2.500        3.500   V
  2050   TxBrd_P170_6571_DIO_11_HSD_LO_Voltage         123       2.9874   0.8661E-03        2.9860       2.9888       0.0029        2.500        3.500   V
  2060   TxBrd_P170_6571_DIO_13_HSD_LO_Voltage         123       2.9859   0.6367E-03        2.9847       2.9872       0.0024        2.500        3.500   V
  2070   TxBrd_P170_6571_DIO_14_HSD_LO_Voltage         123       2.9863   0.6356E-03        2.9850       2.9877       0.0027        2.500        3.500   V
  2080   TxBrd_P170_6571_DIO_15_HSD_LO_Voltage         123       2.9864   0.5621E-03        2.9854       2.9878       0.0024        2.500        3.500   V
  2090   TxBrd_P170_6571_DIO_17_HSD_LO_Voltage         123       2.9869       0.0016        2.9847       2.9895       0.0048        2.500        3.500   V
  2100   TxBrd_P170_6571_DIO_18_HSD_LO_Voltage         123       2.9869       0.0015        2.9844       2.9896       0.0052        2.500        3.500   V
  2110   TxBrd_P170_6571_DIO_19_HSD_LO_Voltage         123       2.9866       0.0015        2.9842       2.9893       0.0051        2.500        3.500   V
  2120   TxBrd_P170_6571_DIO_21_HSD_LO_Voltage         123       2.9888   0.9128E-03        2.9870       2.9902       0.0033        2.500        3.500   V
  2130   TxBrd_P170_6571_DIO_22_HSD_LO_Voltage         123       2.9889   0.9135E-03        2.9873       2.9906       0.0033        2.500        3.500   V
  2140   TxBrd_P170_6571_DIO_23_HSD_LO_Voltage         123       2.9885   0.8707E-03        2.9869       2.9898       0.0030        2.500        3.500   V
  2150   TxBrd_P170_6571_DIO_25_HSD_LO_Voltage         123       2.9852       0.0017        2.9808       2.9877       0.0069        2.500        3.500   V
  2160   TxBrd_P170_6571_DIO_26_HSD_LO_Voltage         123       2.9858       0.0011        2.9839       2.9879       0.0040        2.500        3.500   V
  2170   TxBrd_P170_6571_DIO_27_HSD_LO_Voltage         123       2.9858       0.0012        2.9840       2.9879       0.0039        2.500        3.500   V
  2180   TxBrd_P170_6571_DIO_29_HSD_LO_Voltage         123       2.9862   0.8776E-03        2.9847       2.9876       0.0029        2.500        3.500   V
  2190   TxBrd_P170_6571_DIO_30_HSD_LO_Voltage         123       2.9859       0.0010        2.9841       2.9875       0.0034        2.500        3.500   V
  2200   TxBrd_P170_6571_DIO_31_HSD_LO_Voltage         123       2.9856       0.0010        2.9838       2.9872       0.0033        2.500        3.500   V
  2210   TxBrd_P146_6571_DIO_1_HSD_LO_Voltage          123       2.9863   0.8648E-03        2.9847       2.9877       0.0030        2.500        3.500   V
  2220   TxBrd_P146_6571_DIO_2_HSD_LO_Voltage          123       2.9864   0.8637E-03        2.9850       2.9879       0.0029        2.500        3.500   V
  2230   TxBrd_P146_6571_DIO_3_HSD_LO_Voltage          123       2.9862   0.8468E-03        2.9849       2.9877       0.0028        2.500        3.500   V
  2240   TxBrd_P146_6571_DIO_5_HSD_LO_Voltage          123       2.9860       0.0012        2.9839       2.9884       0.0045        2.500        3.500   V
  2250   TxBrd_P146_6571_DIO_6_HSD_LO_Voltage          123       2.9858       0.0011        2.9837       2.9880       0.0043        2.500        3.500   V
  2260   TxBrd_P146_6571_DIO_7_HSD_LO_Voltage          123       2.9855       0.0011        2.9836       2.9877       0.0041        2.500        3.500   V
  2270   TxBrd_P146_6571_DIO_9_HSD_LO_Voltage          123       2.9870   0.7431E-03        2.9858       2.9883       0.0025        2.500        3.500   V
  2280   TxBrd_P146_6571_DIO_10_HSD_LO_Voltage         123       2.9866   0.7765E-03        2.9853       2.9878       0.0025        2.500        3.500   V
  2290   TxBrd_P146_6571_DIO_11_HSD_LO_Voltage         123       2.9863   0.7592E-03        2.9851       2.9876       0.0025        2.500        3.500   V
  2300   TxBrd_P146_6571_DIO_13_HSD_LO_Voltage         123       2.9856   0.9910E-03        2.9842       2.9872       0.0030        2.500        3.500   V
  2310   TxBrd_P146_6571_DIO_14_HSD_LO_Voltage         123       2.9865       0.0010        2.9850       2.9884       0.0034        2.500        3.500   V
  2320   TxBrd_P146_6571_DIO_15_HSD_LO_Voltage         123       2.9862       0.0010        2.9847       2.9881       0.0034        2.500        3.500   V
  2330   TxBrd_P146_6571_DIO_17_HSD_LO_Voltage         123       2.9876   0.2953E-03        2.9869       2.9883       0.0014        2.500        3.500   V
  2340   TxBrd_P146_6571_DIO_18_HSD_LO_Voltage         123       2.9872   0.3240E-03        2.9867       2.9879       0.0012        2.500        3.500   V
  2350   TxBrd_P146_6571_DIO_19_HSD_LO_Voltage         123       2.9875   0.3521E-03        2.9866       2.9883       0.0017        2.500        3.500   V
  2360   TxBrd_P146_6571_DIO_21_HSD_LO_Voltage         123       2.9890   0.2464E-03        2.9884       2.9895       0.0011        2.500        3.500   V
  2370   TxBrd_P146_6571_DIO_22_HSD_LO_Voltage         123       2.9883   0.2671E-03        2.9874       2.9888       0.0014        2.500        3.500   V
  2380   TxBrd_P146_6571_DIO_23_HSD_LO_Voltage         123       2.9883   0.2692E-03        2.9878       2.9892       0.0014        2.500        3.500   V
  2390   TxBrd_P146_6571_DIO_25_HSD_LO_Voltage         123       2.9868   0.5401E-03        2.9856       2.9880       0.0024        2.500        3.500   V
  2400   TxBrd_P146_6571_DIO_26_HSD_LO_Voltage         123       2.9870   0.4276E-03        2.9862       2.9878       0.0015        2.500        3.500   V
  2410   TxBrd_P146_6571_DIO_27_HSD_LO_Voltage         123       2.9873   0.4087E-03        2.9864       2.9883       0.0019        2.500        3.500   V
  2420   TxBrd_P146_6571_DIO_29_HSD_LO_Voltage         123       2.9867   0.9883E-03        2.9850       2.9883       0.0034        2.500        3.500   V
  2430   TxBrd_P146_6571_DIO_30_HSD_LO_Voltage         123       2.9861   0.9189E-03        2.9847       2.9880       0.0033        2.500        3.500   V
  2440   TxBrd_P146_6571_DIO_31_HSD_LO_Voltage         123       2.9862   0.8908E-03        2.9848       2.9878       0.0030        2.500        3.500   V
  2450   TxBrd_P154_6571_DIO_1_HSD_LO_Voltage          123       2.9868   0.7689E-03        2.9856       2.9881       0.0026        2.500        3.500   V
  2460   TxBrd_P154_6571_DIO_2_HSD_LO_Voltage          123       2.9868   0.8194E-03        2.9855       2.9883       0.0028        2.500        3.500   V
  2470   TxBrd_P154_6571_DIO_3_HSD_LO_Voltage          123       2.9867   0.8198E-03        2.9855       2.9879       0.0024        2.500        3.500   V
  2480   TxBrd_P154_6571_DIO_5_HSD_LO_Voltage          123       2.9848       0.0013        2.9826       2.9872       0.0047        2.500        3.500   V
  2490   TxBrd_P154_6571_DIO_6_HSD_LO_Voltage          123       2.9846       0.0014        2.9825       2.9870       0.0046        2.500        3.500   V
  2500   TxBrd_P154_6571_DIO_7_HSD_LO_Voltage          123       2.9837       0.0010        2.9818       2.9856       0.0038        2.500        3.500   V
  2510   TxBrd_P154_6571_DIO_9_HSD_LO_Voltage          123       2.9873       0.0013        2.9854       2.9893       0.0040        2.500        3.500   V
  2520   TxBrd_P154_6571_DIO_10_HSD_LO_Voltage         123       2.9868       0.0012        2.9850       2.9887       0.0037        2.500        3.500   V
  2530   TxBrd_P154_6571_DIO_11_HSD_LO_Voltage         123       2.9868       0.0012        2.9849       2.9885       0.0036        2.500        3.500   V
  2540   TxBrd_P154_6571_DIO_13_HSD_LO_Voltage         123       2.9861   0.5023E-03        2.9852       2.9871       0.0019        2.500        3.500   V
  2550   TxBrd_P154_6571_DIO_14_HSD_LO_Voltage         123       2.9851       0.0024        2.9821       2.9880       0.0059        2.500        3.500   V
  2560   TxBrd_P154_6571_DIO_15_HSD_LO_Voltage         123       2.9866   0.5984E-03        2.9854       2.9877       0.0023        2.500        3.500   V
  2570   TxBrd_P154_DIO24_POOL_Open                    123       5.8145       0.0106        5.8009       5.8258       0.0250        3.000        6.000   V
  2580   TxBrd_P154_DIO25_POOL_Open                    123       5.8045       0.0086        5.7928       5.8141       0.0213        3.000        6.000   V
  2590   TxBrd_P154_DIO26_POOL_Open                    123       5.8127       0.0055        5.8057       5.8188       0.0131        3.000        6.000   V
  2600   TxBrd_P154_DIO27_POOL_Open                    123       5.8099       0.0030        5.8053       5.8137       0.0084        3.000        6.000   V
  2610   TxBrd_P154_DIO28_POOL_Open                    123       5.8142       0.0031        5.8102       5.8186       0.0084        3.000        6.000   V
  2620   TxBrd_P154_DIO29_POOL_Open                    123       5.8178       0.0023        5.8136       5.8207       0.0071        3.000        6.000   V
  2630   TxBrd_P154_DIO30_POOL_Open                    123       5.8161   0.4664E-03        5.8150       5.8172       0.0022        3.000        6.000   V
  2640   TxBrd_P154_DIO31_POOL_Open                    123       5.8126   0.7179E-03        5.8107       5.8143       0.0037        3.000        6.000   V
  2650   TxBrd_P154_DIO24_POOL_Grounded                123       0.0269   0.9147E-03        0.0256       0.0283       0.0027       -0.500        0.500   V
  2660   TxBrd_P154_DIO25_POOL_Grounded                123       0.0274   0.4761E-03        0.0265       0.0283       0.0018       -0.500        0.500   V
  2670   TxBrd_P154_DIO26_POOL_Grounded                123       0.0260   0.4514E-03        0.0253       0.0270       0.0017       -0.500        0.500   V
  2680   TxBrd_P154_DIO27_POOL_Grounded                123       0.0266   0.4773E-03        0.0257       0.0275       0.0018       -0.500        0.500   V
  2690   TxBrd_P154_DIO28_POOL_Grounded                123       0.0246   0.3562E-03        0.0238       0.0253       0.0015       -0.500        0.500   V
  2700   TxBrd_P154_DIO29_POOL_Grounded                123       0.0250   0.6640E-03        0.0236       0.0262       0.0026       -0.500        0.500   V
  2710   TxBrd_P154_DIO30_POOL_Grounded                123       0.0268   0.6291E-03        0.0258       0.0281       0.0023       -0.500        0.500   V
  2720   TxBrd_P154_DIO31_POOL_Grounded                123       0.0269   0.3421E-03        0.0261       0.0273       0.0012       -0.500        0.500   V
  2730   TxBrd_P154_DIO24_WinComp_Inside               123      -0.9140       0.0023       -0.9168      -0.9114       0.0054       -1.100       -0.700   V
  2740   TxBrd_P154_DIO25_WinComp_Inside               123      -0.9159       0.0014       -0.9176      -0.9142       0.0034       -1.100       -0.700   V
  2750   TxBrd_P154_DIO26_WinComp_Inside               123      -0.9176   0.1899E-03       -0.9179      -0.9171   0.8423E-03       -1.100       -0.700   V
  2760   TxBrd_P154_DIO27_WinComp_Inside               123      -0.9186   0.6775E-03       -0.9199      -0.9176       0.0022       -1.100       -0.700   V
  2770   TxBrd_P154_DIO28_WinComp_Inside               123      -0.9180   0.8638E-03       -0.9194      -0.9170       0.0024       -1.100       -0.700   V
  2780   TxBrd_P154_DIO29_WinComp_Inside               123      -0.9189   0.5198E-03       -0.9197      -0.9180       0.0017       -1.100       -0.700   V
  2790   TxBrd_P154_DIO30_WinComp_Inside               123      -0.9185   0.8351E-03       -0.9196      -0.9170       0.0026       -1.100       -0.700   V
  2800   TxBrd_P154_DIO31_WinComp_Inside               123      -0.9157   0.3444E-03       -0.9163      -0.9151       0.0012       -1.100       -0.700   V
  2810   TxBrd_P154_DIO24_WinComp_Outside              123      -1.7119       0.0048       -1.7176      -1.7069       0.0107       -1.900       -1.500   V
  2820   TxBrd_P154_DIO25_WinComp_Outside              123      -1.7159       0.0031       -1.7193      -1.7124       0.0069       -1.900       -1.500   V
  2830   TxBrd_P154_DIO26_WinComp_Outside              123      -1.7177       0.0015       -1.7195      -1.7158       0.0037       -1.900       -1.500   V
  2840   TxBrd_P154_DIO27_WinComp_Outside              123      -1.7199       0.0022       -1.7227      -1.7171       0.0057       -1.900       -1.500   V
  2850   TxBrd_P154_DIO28_WinComp_Outside              123      -1.7165   0.3075E-03       -1.7173      -1.7158       0.0015       -1.900       -1.500   V
  2860   TxBrd_P154_DIO29_WinComp_Outside              123      -1.7193       0.0010       -1.7210      -1.7176       0.0033       -1.900       -1.500   V
  2870   TxBrd_P154_DIO30_WinComp_Outside              123      -1.7192       0.0016       -1.7215      -1.7169       0.0047       -1.900       -1.500   V
  2880   TxBrd_P154_DIO31_WinComp_Outside              123      -1.7140       0.0023       -1.7169      -1.7109       0.0060       -1.900       -1.500   V
  2890   TxBrd_HMOD1_Droop                             123       0.0045   0.2796E-03        0.0039       0.0052       0.0013        0.003        0.008   V
  2900   TxBrd_HMOD2_Droop                             123       0.0045   0.2667E-03        0.0039       0.0051       0.0013        0.003        0.008   V
  2910   TxBrd_HMOD3_Droop                             123       0.0044   0.2957E-03        0.0038       0.0052       0.0014        0.003        0.008   V
  2920   TxBrd_HMOD4_Droop                             123       0.0045   0.2549E-03        0.0038       0.0050       0.0012        0.003        0.008   V
  2930   TxBrd_HMOD5_Droop                             123       0.0044   0.2856E-03        0.0038       0.0052       0.0014        0.003        0.008   V
  2940   TxBrd_HMOD6_Droop                             123       0.0046   0.2383E-03        0.0039       0.0052       0.0012        0.003        0.008   V
  2950   TxBrd_HMOD7_Droop                             123       0.0045   0.2723E-03        0.0038       0.0052       0.0014        0.003        0.008   V
  2960   TxBrd_HMOD8_Droop                             123       0.0046   0.3081E-03        0.0038       0.0053       0.0014        0.003        0.008   V
  2970   TxBrd_HMOD9_Droop                             123       0.0045   0.3088E-03        0.0038       0.0052       0.0013        0.003        0.008   V
  2980   TxBrd_HMOD10_Droop                            123       0.0045   0.2561E-03        0.0041       0.0053       0.0012        0.003        0.008   V
  2990   TxBrd_HMOD11_Droop                            123       0.0045   0.2668E-03        0.0039       0.0051       0.0012        0.003        0.008   V
  3000   TxBrd_HMOD12_Droop                            123       0.0046   0.3297E-03        0.0039       0.0056       0.0017        0.003        0.008   V
  3010   TxBrd_HMOD13_Droop                            123       0.0045   0.2496E-03        0.0039       0.0051       0.0013        0.003        0.008   V
  3020   TxBrd_HMOD14_Droop                            123       0.0794       0.0038        0.0733       0.0847       0.0114        0.050        0.115   V
  3030   TxBrd_HMOD15_Droop                            123       0.0797       0.0037        0.0736       0.0848       0.0112        0.050        0.115   V
  3040   TxBrd_HMOD16_Droop                            123       0.0797       0.0037        0.0737       0.0849       0.0111        0.050        0.115   V
  3050   TxBrd_HMOD17_Droop                            123       0.0797       0.0037        0.0737       0.0847       0.0110        0.050        0.115   V
  3060   TxBrd_HMOD19_Droop                            123       0.0798       0.0037        0.0737       0.0849       0.0112        0.050        0.115   V
  3070   TxBrd_HMOD20_Droop                            123       0.0797       0.0038        0.0738       0.0851       0.0114        0.050        0.115   V
  3080   TxBrd_HMOD21_Droop                            123       0.0795       0.0035        0.0737       0.0844       0.0106        0.050        0.115   V
  3090   TxBrd_HMOD22_Droop                            123       0.0798       0.0037        0.0738       0.0850       0.0112        0.050        0.115   V
  3100   TxBrd_HMOD23_Droop                            123       0.0804       0.0039        0.0741       0.0859       0.0118        0.050        0.115   V
    -1   Test Site Number                              123       0.0000       0.0000        0.0000       0.0000       0.0000          N/A          N/A    
    -2   Test Head Number                              123       1.0000       0.0000        1.0000       1.0000       0.0000          N/A          N/A    
    -3   Wafer Number                                  123       0.0000       0.0000        0.0000       0.0000       0.0000          N/A          N/A    
    -4   Wafer X Coordinate                            123   -32.768E+03       0.0000    -32.768E+03   -32.768E+03       0.0000          N/A          N/A    
    -5   Wafer Y Coordinate                            123   -32.768E+03       0.0000    -32.768E+03   -32.768E+03       0.0000          N/A          N/A    

