--------------------------------------------------------------------------------
File Name:                	TXBoard1.stdf
Lot ID:                   	Default

Test #   Test Name                                   Count         Mean           SD           Min          Max        Range    QC-Lo-Lim    QC-Hi-Lim    Units   
    10   TxBrd_DIB_Supply_5V_1                          60       4.9863       0.0012        4.9848       4.9877       0.0029        4.500        5.500    
    20   TxBrd_DIB_Supply_5V_2                          60       5.0241   0.9365E-03        5.0228       5.0252       0.0024        4.500        5.500   V
    30   TxBrd_DIB_Supply_5V_3                          60       5.0138   0.6832E-03        5.0129       5.0148       0.0019        4.500        5.500   V
    40   TxBrd_DIB_Supply_12V_Slave                     60      12.0587   0.4126E-03       12.0577      12.0594       0.0016       10.500       13.050   V
    50   TxBrd_Master_15V                               60      14.7077       0.0045       14.7026      14.7131       0.0105       13.500       16.500   V
    60   TxBrd_Slave_15V                                60      15.0173       0.0010       15.0160      15.0186       0.0026       13.500       16.500   V
    70   TxBrd_Relay_Supply_12V                         60      11.5861       0.0068       11.5660      11.5953       0.0293       10.500       13.050   V
    80   TxBrd_TFE_5V                                   60       5.0086   0.9601E-03        5.0074       5.0098       0.0024        4.500        5.500   V
    90   TxBrd_HMOD_5V                                  60       4.9846   0.8144E-03        4.9833       4.9857       0.0024        4.500        5.500   V
   100   TxBrd_COMP_n5p2V                               60      -5.1987   0.7999E-03       -5.1999      -5.1977       0.0022       -5.500       -4.500   V
   110   TxBrd_XOR_n5V                                  60      -4.9933   0.6598E-03       -4.9945      -4.9923       0.0022       -5.500       -4.500   V
   120   TxBrd_n2V                                      60      -1.9778   0.7140E-03       -1.9787      -1.9769       0.0018       -2.500       -1.500   V
   130   TxBrd_DC30V_SL24_CH1_HI_Voltage                60       2.9943   0.0923E-03        2.9942       2.9945   0.3376E-03        2.500        3.500   V
   140   TxBrd_DC30V_SL24_CH3_HI_Voltage                60       2.9945   0.4052E-03        2.9941       2.9951   0.9754E-03        2.500        3.500   V
   150   TxBrd_DC30V_SL24_CH5_HI_Voltage                60       2.9945       0.0013        2.9925       2.9975       0.0050        2.500        3.500   V
   160   TxBrd_DC30V_SL24_CH7_HI_Voltage                60       2.9934       0.0012        2.9905       2.9960       0.0055        2.500        3.500   V
   170   TxBrd_DC30V_SL24_CH9_HI_Voltage                60       2.9937   0.4942E-03        2.9908       2.9943       0.0035        2.500        3.500   V
   180   TxBrd_DC30V_SL24_CH11_HI_Voltage               60       2.9937   0.0548E-03        2.9936       2.9938   0.2131E-03        2.500        3.500   V
   200   TxBrd_DC30V_SL24_CH15_HI_Voltage               60       2.9927       0.0012        2.9841       2.9932       0.0091        2.500        3.500   V
   210   TxBrd_DC30V_SL24_CH17_HI_Voltage               60       2.9941       0.0011        2.9872       2.9944       0.0072        2.500        3.500   V
   220   TxBrd_DC30V_SL24_CH19_HI_Voltage               60       2.9942   0.1538E-03        2.9940       2.9945   0.4725E-03        2.500        3.500   V
   230   TxBrd_DC30V_SL04_CH1_HI_Voltage                60       2.9933       0.0026        2.9821       2.9946       0.0125        2.500        3.500   V
   240   TxBrd_DC30V_SL04_CH3_HI_Voltage                60       2.9942       0.0012        2.9880       2.9948       0.0068        2.500        3.500   V
   250   TxBrd_DC30V_SL04_CH5_HI_Voltage                60       2.9941       0.0011        2.9905       2.9947       0.0042        2.500        3.500   V
   260   TxBrd_DC30V_SL04_CH7_HI_Voltage                60       2.9943   0.2393E-03        2.9931       2.9946       0.0015        2.500        3.500   V
   270   TxBrd_DC30V_SL04_CH9_HI_Voltage                60       2.9948   0.1503E-03        2.9939       2.9950       0.0010        2.500        3.500   V
   280   TxBrd_DC30V_SL04_CH11_HI_Voltage               60       2.9946   0.1338E-03        2.9944       2.9948   0.4215E-03        2.500        3.500   V
   290   TxBrd_DC30V_SL04_CH13_HI_Voltage               60       2.9935       0.0027        2.9859       2.9953       0.0093        2.500        3.500   V
   300   TxBrd_DC30V_SL04_CH15_HI_Voltage               60       2.9947   0.9438E-03        2.9904       2.9953       0.0048        2.500        3.500   V
   310   TxBrd_DC30V_SL04_CH17_HI_Voltage               60       2.9944   0.7836E-03        2.9906       2.9949       0.0044        2.500        3.500   V
   320   TxBrd_DC30V_SL04_CH19_HI_Voltage               60       2.9939   0.4123E-03        2.9918       2.9942       0.0024        2.500        3.500   V
   330   TxBrd_DC30V_SL10_CH1_HI_Voltage                60       2.9928   0.6252E-03        2.9880       2.9930       0.0049        2.500        3.500   V
   340   TxBrd_DC30V_SL10_CH3_HI_Voltage                60       2.9935   0.0892E-03        2.9934       2.9937   0.3288E-03        2.500        3.500   V
   350   TxBrd_DC30V_SL10_CH5_HI_Voltage                60       2.9931   0.1280E-03        2.9929       2.9933   0.3991E-03        2.500        3.500   V
   360   TxBrd_DC30V_SL10_CH7_HI_Voltage                60       2.9922   0.1566E-03        2.9920       2.9925   0.4697E-03        2.500        3.500   V
   370   TxBrd_DC30V_SL10_CH9_HI_Voltage                60       2.9933   0.1340E-03        2.9931       2.9935   0.4067E-03        2.500        3.500   V
   380   TxBrd_DC30V_SL10_CH11_HI_Voltage               60       2.9935   0.0951E-03        2.9934       2.9937   0.3257E-03        2.500        3.500   V
   390   TxBrd_DC30V_SL10_CH13_HI_Voltage               60       2.9912   0.0612E-03        2.9911       2.9913   0.2356E-03        2.500        3.500   V
   400   TxBrd_DC30V_SL10_CH15_HI_Voltage               60       2.9918   0.1695E-03        2.9915       2.9921   0.5927E-03        2.500        3.500   V
   410   TxBrd_DC30V_SL10_CH17_HI_Voltage               60       2.9911   0.1815E-03        2.9908       2.9913   0.5102E-03        2.500        3.500   V
   420   TxBrd_DC30V_SL10_CH19_HI_Voltage               60       2.9923   0.1744E-03        2.9921       2.9926   0.5012E-03        2.500        3.500   V
   430   TxBrd_DC30V_SL24_CH2_LO_Current                60   0.9998E-03   0.0203E-06    0.9998E-03   0.9999E-03   0.0837E-06    0.500E-03        0.002   A
   440   TxBrd_DC30V_SL24_CH4_LO_Current                60   0.9999E-03   0.0696E-06    0.9998E-03       0.0010   0.2376E-06    0.500E-03        0.002   A
   450   TxBrd_DC30V_SL24_CH6_LO_Current                60   0.9999E-03   0.1201E-06    0.9997E-03       0.0010   0.3220E-06    0.500E-03        0.002   A
   460   TxBrd_DC30V_SL24_CH8_LO_Current                60   0.9997E-03   0.0223E-06    0.9996E-03   0.9997E-03   0.0970E-06    0.500E-03        0.002   A
   470   TxBrd_DC30V_SL24_CH10_LO_Current               60   0.9998E-03   0.0459E-06    0.9997E-03   0.9998E-03   0.1569E-06    0.500E-03        0.002   A
   480   TxBrd_DC30V_SL24_CH12_LO_Current               60   0.9997E-03   0.0328E-06    0.9996E-03   0.9997E-03   0.1356E-06    0.500E-03        0.002   A
   500   TxBrd_DC30V_SL24_CH16_LO_Current               60   0.9997E-03   0.1989E-06    0.9995E-03   0.9999E-03   0.4671E-06    0.500E-03        0.002   A
   510   TxBrd_DC30V_SL24_CH18_LO_Current               60   0.9997E-03   0.0785E-06    0.9995E-03   0.9998E-03   0.2295E-06    0.500E-03        0.002   A
   520   TxBrd_DC30V_SL24_CH20_LO_Current               60   0.9997E-03   0.1394E-06    0.9995E-03   0.9998E-03   0.3739E-06    0.500E-03        0.002   A
   530   TxBrd_DC30V_SL10_CH2_LO_Current                60   0.9999E-03   0.0434E-06    0.9998E-03   0.9999E-03   0.1426E-06    0.500E-03        0.002   A
   540   TxBrd_DC30V_SL10_CH4_LO_Current                60   0.9998E-03   0.2529E-06    0.9995E-03       0.0010   0.5789E-06    0.500E-03        0.002   A
   550   TxBrd_DC30V_SL10_CH6_LO_Current                60       0.0010   0.0305E-06    1.0000E-03       0.0010   0.1270E-06    0.500E-03        0.002   A
   560   TxBrd_DC30V_SL10_CH8_LO_Current                60   0.9998E-03   0.0326E-06    0.9998E-03   0.9999E-03   0.1482E-06    0.500E-03        0.002   A
   570   TxBrd_DC30V_SL10_CH10_LO_Current               60   0.9998E-03   0.0692E-06    0.9997E-03   0.9999E-03   0.2163E-06    0.500E-03        0.002   A
   580   TxBrd_DC30V_SL10_CH12_LO_Current               60   0.9996E-03   0.0492E-06    0.9995E-03   0.9997E-03   0.2282E-06    0.500E-03        0.002   A
   590   TxBrd_DC30V_SL10_CH14_LO_Current               60   0.9998E-03   0.0925E-06    0.9997E-03   0.9999E-03   0.2832E-06    0.500E-03        0.002   A
   600   TxBrd_DC30V_SL10_CH16_LO_Current               60   0.9998E-03   0.2233E-06    0.9995E-03       0.0010   0.5333E-06    0.500E-03        0.002   A
   610   TxBrd_DC30V_SL10_CH18_LO_Current               60   0.9997E-03   0.0480E-06    0.9996E-03   0.9997E-03   0.1689E-06    0.500E-03        0.002   A
   620   TxBrd_DC30V_SL10_CH20_LO_Current               60   0.9998E-03   0.2227E-06    0.9996E-03       0.0010   0.5140E-06    0.500E-03        0.002   A
   630   TxBrd_DC30V_SL04_CH2_LO_Current                60   0.9999E-03   0.1934E-06    0.9997E-03       0.0010   0.4552E-06    0.500E-03        0.002   A
   640   TxBrd_DC30V_SL04_CH4_LO_Current                60   0.9998E-03   0.0946E-06    0.9997E-03   1.0000E-03   0.3044E-06    0.500E-03        0.002   A
   650   TxBrd_DC30V_SL04_CH6_LO_Current                60   0.9999E-03   0.1116E-06    0.9997E-03       0.0010   0.3026E-06    0.500E-03        0.002   A
   660   TxBrd_DC30V_SL04_CH8_LO_Current                60   0.9998E-03   0.1126E-06    0.9996E-03   0.9999E-03   0.3144E-06    0.500E-03        0.002   A
   670   TxBrd_DC30V_SL04_CH10_LO_Current               60       0.0010   0.1929E-06    0.9998E-03       0.0010   0.4771E-06    0.500E-03        0.002   A
   680   TxBrd_DC30V_SL04_CH12_LO_Current               60   0.9997E-03   0.0377E-06    0.9996E-03   0.9998E-03   0.2244E-06    0.500E-03        0.002   A
   690   TxBrd_DC30V_SL04_CH14_LO_Current               60   0.9999E-03   0.0360E-06    0.9998E-03   1.0000E-03   0.1525E-06    0.500E-03        0.002   A
   700   TxBrd_DC30V_SL04_CH16_LO_Current               60   0.9998E-03   0.1061E-06    0.9996E-03   0.9999E-03   0.2739E-06    0.500E-03        0.002   A
   710   TxBrd_DC30V_SL04_CH18_LO_Current               60   0.9999E-03   0.0220E-06    0.9998E-03   0.9999E-03   0.1175E-06    0.500E-03        0.002   A
   720   TxBrd_DC30V_SL04_CH20_LO_Current               60   0.9999E-03   0.1267E-06    0.9997E-03       0.0010   0.3251E-06    0.500E-03        0.002   A
   730   TxBrd_DC90V_SL23_1A_Voltage                    60       5.0000   0.5246E-06        5.0000       5.0000   0.0024E-03        4.500        5.500   V
   740   TxBrd_DC90V_SL23_2A_Voltage                    60       5.0000   0.4099E-06        5.0000       5.0000   0.0019E-03        4.500        5.500   V
   750   TxBrd_DC90V_SL23_3A_Voltage                    60       5.0000   0.4806E-06        5.0000       5.0000   0.0019E-03        4.500        5.500   V
   760   TxBrd_DC90V_SL23_4A_Voltage                    60       5.0000   0.4809E-06        5.0000       5.0000   0.0024E-03        4.500        5.500   V
   770   TxBrd_DC90V_SL23_1B_Voltage                    60       5.0000   0.5812E-06        5.0000       5.0000   0.0024E-03        4.500        5.500   V
   780   TxBrd_DC90V_SL23_2B_Voltage                    60       5.0000   0.1165E-03        4.9998       5.0004   0.5846E-03        4.500        5.500   V
   790   TxBrd_DC90V_SL23_3B_Voltage                    60       5.0000   0.3874E-06        5.0000       5.0000   0.0019E-03        4.500        5.500   V
   800   TxBrd_DC90V_SL23_4B_Voltage                    60       5.0000   0.1035E-03        4.9998       5.0002   0.4234E-03        4.500        5.500   V
   810   TxBrd_DC90_Relay_Droop                         60       0.0764       0.0018        0.0741       0.0786       0.0045        0.001        0.500   V
   820   TxBrd_P174_6571_DIO_0_HSD_HI_Current           60       0.0030   0.0113E-03        0.0030       0.0030   0.0408E-03        0.002        0.004   A
   830   TxBrd_P174_6571_DIO_4_HSD_HI_Current           60       0.0030   0.0065E-03        0.0030       0.0030   0.0309E-03        0.002        0.004   A
   840   TxBrd_P174_6571_DIO_8_HSD_HI_Current           60       0.0029   0.0163E-03        0.0029       0.0030   0.0589E-03        0.002        0.004   A
   850   TxBrd_P174_6571_DIO_12_HSD_HI_Current          60       0.0029   0.0198E-03        0.0029       0.0030   0.0573E-03        0.002        0.004   A
   860   TxBrd_P174_6571_DIO_16_HSD_HI_Current          60       0.0030   0.0415E-03        0.0029       0.0030   0.1021E-03        0.002        0.004   A
   870   TxBrd_P174_6571_DIO_20_HSD_HI_Current          60       0.0030   0.0270E-03        0.0030       0.0031   0.0899E-03        0.002        0.004   A
   880   TxBrd_P174_6571_DIO_24_HSD_HI_Current          60       0.0030   0.0138E-03        0.0029       0.0030   0.0674E-03        0.002        0.004   A
   890   TxBrd_P174_6571_DIO_28_HSD_HI_Current          60       0.0030   0.0069E-03        0.0030       0.0030   0.0366E-03        0.002        0.004   A
   900   TxBrd_P166_6571_DIO_0_HSD_HI_Current           60       0.0030   0.0323E-03        0.0029       0.0030   0.0870E-03        0.002        0.004   A
   910   TxBrd_P166_6571_DIO_4_HSD_HI_Current           60       0.0029   0.0345E-03        0.0029       0.0030   0.0924E-03        0.002        0.004   A
   920   TxBrd_P166_6571_DIO_8_HSD_HI_Current           60       0.0030   0.0336E-03        0.0029       0.0030   0.1015E-03        0.002        0.004   A
   930   TxBrd_P166_6571_DIO_12_HSD_HI_Current          60       0.0030   0.0077E-03        0.0030       0.0030   0.0357E-03        0.002        0.004   A
   940   TxBrd_P166_6571_DIO_16_HSD_HI_Current          60       0.0030   0.0116E-03        0.0030       0.0030   0.0366E-03        0.002        0.004   A
   950   TxBrd_P166_6571_DIO_20_HSD_HI_Current          60       0.0029   0.0078E-03        0.0029       0.0030   0.0323E-03        0.002        0.004   A
   960   TxBrd_P166_6571_DIO_24_HSD_HI_Current          60       0.0030   0.0170E-03        0.0029       0.0030   0.0527E-03        0.002        0.004   A
   970   TxBrd_P166_6571_DIO_28_HSD_HI_Current          60       0.0029   0.0285E-03        0.0029       0.0030   0.0766E-03        0.002        0.004   A
   980   TxBrd_P170_6571_DIO_0_HSD_HI_Current           60       0.0030   0.0354E-03        0.0029       0.0030   0.1020E-03        0.002        0.004   A
   990   TxBrd_P170_6571_DIO_4_HSD_HI_Current           60       0.0030   0.0107E-03        0.0029       0.0030   0.0689E-03        0.002        0.004   A
  1000   TxBrd_P170_6571_DIO_8_HSD_HI_Current           60       0.0030   0.0177E-03        0.0030       0.0031   0.0721E-03        0.002        0.004   A
  1010   TxBrd_P170_6571_DIO_12_HSD_HI_Current          60       0.0030   0.0213E-03        0.0029       0.0030   0.0693E-03        0.002        0.004   A
  1020   TxBrd_P170_6571_DIO_16_HSD_HI_Current          60       0.0030   0.0591E-03        0.0029       0.0031   0.1418E-03        0.002        0.004   A
  1030   TxBrd_P170_6571_DIO_20_HSD_HI_Current          60       0.0030   0.0251E-03        0.0029       0.0030   0.0727E-03        0.002        0.004   A
  1040   TxBrd_P170_6571_DIO_24_HSD_HI_Current          60       0.0030   0.0531E-03        0.0029       0.0031   0.1282E-03        0.002        0.004   A
  1050   TxBrd_P170_6571_DIO_28_HSD_HI_Current          60       0.0030   0.0111E-03        0.0029       0.0030   0.0657E-03        0.002        0.004   A
  1060   TxBrd_P146_6571_DIO_0_HSD_HI_Current           60       0.0029   0.0201E-03        0.0029       0.0030   0.0620E-03        0.002        0.004   A
  1070   TxBrd_P146_6571_DIO_4_HSD_HI_Current           60       0.0030   0.0138E-03        0.0030       0.0030   0.0637E-03        0.002        0.004   A
  1080   TxBrd_P146_6571_DIO_8_HSD_HI_Current           60       0.0030   0.0142E-03        0.0030       0.0030   0.0563E-03        0.002        0.004   A
  1090   TxBrd_P146_6571_DIO_12_HSD_HI_Current          60       0.0030   0.0090E-03        0.0029       0.0030   0.0631E-03        0.002        0.004   A
  1100   TxBrd_P146_6571_DIO_16_HSD_HI_Current          60       0.0030   0.0342E-03        0.0029       0.0030   0.1009E-03        0.002        0.004   A
  1110   TxBrd_P146_6571_DIO_20_HSD_HI_Current          60       0.0030   0.0241E-03        0.0030       0.0030   0.0764E-03        0.002        0.004   A
  1120   TxBrd_P146_6571_DIO_24_HSD_HI_Current          60       0.0030   0.0148E-03        0.0030       0.0030   0.0604E-03        0.002        0.004   A
  1130   TxBrd_P146_6571_DIO_28_HSD_HI_Current          60       0.0030   0.0562E-03        0.0029       0.0031   0.1366E-03        0.002        0.004   A
  1140   TxBrd_P154_6571_DIO_0_HSD_HI_Current           60       0.0030   0.0400E-03        0.0029       0.0030   0.1034E-03        0.002        0.004   A
  1150   TxBrd_P154_6571_DIO_4_HSD_HI_Current           60       0.0029   0.0376E-03        0.0029       0.0030   0.0993E-03        0.002        0.004   A
  1160   TxBrd_P154_6571_DIO_8_HSD_HI_Current           60       0.0030   0.0160E-03        0.0029       0.0030   0.0586E-03        0.002        0.004   A
  1170   TxBrd_P154_6571_DIO_12_HSD_HI_Current          60       0.0030   0.0123E-03        0.0029       0.0030   0.0485E-03        0.002        0.004   A
  1180   TxBrd_P174_6571_DIO_1_HSD_LO_Voltage           60       2.9856       0.0010        2.9844       2.9870       0.0026        2.500        3.500   V
  1190   TxBrd_P174_6571_DIO_2_HSD_LO_Voltage           60       2.9856   0.9684E-03        2.9843       2.9868       0.0026        2.500        3.500   V
  1200   TxBrd_P174_6571_DIO_3_HSD_LO_Voltage           60       2.9854   0.9881E-03        2.9839       2.9865       0.0026        2.500        3.500   V
  1210   TxBrd_P174_6571_DIO_5_HSD_LO_Voltage           60       2.9841   0.3562E-03        2.9833       2.9849       0.0016        2.500        3.500   V
  1220   TxBrd_P174_6571_DIO_6_HSD_LO_Voltage           60       2.9840   0.3709E-03        2.9833       2.9851       0.0018        2.500        3.500   V
  1230   TxBrd_P174_6571_DIO_7_HSD_LO_Voltage           60       2.9837   0.3178E-03        2.9832       2.9845       0.0013        2.500        3.500   V
  1240   TxBrd_P174_6571_DIO_9_HSD_LO_Voltage           60       2.9881   0.3398E-03        2.9872       2.9889       0.0017        2.500        3.500   V
  1250   TxBrd_P174_6571_DIO_10_HSD_LO_Voltage          60       2.9878   0.3053E-03        2.9871       2.9885       0.0014        2.500        3.500   V
  1260   TxBrd_P174_6571_DIO_11_HSD_LO_Voltage          60       2.9876   0.3867E-03        2.9871       2.9883       0.0012        2.500        3.500   V
  1270   TxBrd_P174_6571_DIO_13_HSD_LO_Voltage          60       2.9863   0.7047E-03        2.9854       2.9876       0.0022        2.500        3.500   V
  1280   TxBrd_P174_6571_DIO_14_HSD_LO_Voltage          60       2.9871   0.7103E-03        2.9860       2.9882       0.0022        2.500        3.500   V
  1290   TxBrd_P174_6571_DIO_15_HSD_LO_Voltage          60       2.9870   0.6078E-03        2.9860       2.9881       0.0021        2.500        3.500   V
  1300   TxBrd_P174_6571_DIO_17_HSD_LO_Voltage          60       2.9875   0.7811E-03        2.9863       2.9887       0.0024        2.500        3.500   V
  1310   TxBrd_P174_6571_DIO_18_HSD_LO_Voltage          60       2.9873   0.6463E-03        2.9861       2.9882       0.0020        2.500        3.500   V
  1320   TxBrd_P174_6571_DIO_19_HSD_LO_Voltage          60       2.9876   0.6488E-03        2.9863       2.9886       0.0023        2.500        3.500   V
  1330   TxBrd_P174_6571_DIO_21_HSD_LO_Voltage          60       2.9882   0.7132E-03        2.9871       2.9893       0.0022        2.500        3.500   V
  1340   TxBrd_P174_6571_DIO_22_HSD_LO_Voltage          60       2.9876   0.6912E-03        2.9865       2.9885       0.0020        2.500        3.500   V
  1350   TxBrd_P174_6571_DIO_23_HSD_LO_Voltage          60       2.9880   0.5743E-03        2.9870       2.9888       0.0017        2.500        3.500   V
  1360   TxBrd_P174_6571_DIO_25_HSD_LO_Voltage          60       2.9864   0.4435E-03        2.9858       2.9873       0.0015        2.500        3.500   V
  1370   TxBrd_P174_6571_DIO_26_HSD_LO_Voltage          60       2.9860   0.4145E-03        2.9852       2.9869       0.0017        2.500        3.500   V
  1380   TxBrd_P174_6571_DIO_27_HSD_LO_Voltage          60       2.9863   0.4568E-03        2.9853       2.9870       0.0016        2.500        3.500   V
  1390   TxBrd_P174_6571_DIO_29_HSD_LO_Voltage          60       2.9870   0.9421E-03        2.9855       2.9885       0.0030        2.500        3.500   V
  1400   TxBrd_P174_6571_DIO_30_HSD_LO_Voltage          60       2.9858       0.0010        2.9844       2.9873       0.0029        2.500        3.500   V
  1410   TxBrd_P174_6571_DIO_31_HSD_LO_Voltage          60       2.9860   0.8290E-03        2.9847       2.9871       0.0024        2.500        3.500   V
  1420   TxBrd_P166_6571_DIO_1_HSD_LO_Voltage           60       2.9870       0.0015        2.9851       2.9892       0.0041        2.500        3.500   V
  1430   TxBrd_P166_6571_DIO_2_HSD_LO_Voltage           60       2.9872       0.0013        2.9855       2.9890       0.0035        2.500        3.500   V
  1440   TxBrd_P166_6571_DIO_3_HSD_LO_Voltage           60       2.9869       0.0014        2.9850       2.9887       0.0036        2.500        3.500   V
  1450   TxBrd_P166_6571_DIO_5_HSD_LO_Voltage           60       2.9855       0.0016        2.9831       2.9875       0.0044        2.500        3.500   V
  1460   TxBrd_P166_6571_DIO_6_HSD_LO_Voltage           60       2.9854       0.0014        2.9836       2.9873       0.0037        2.500        3.500   V
  1470   TxBrd_P166_6571_DIO_7_HSD_LO_Voltage           60       2.9852       0.0014        2.9835       2.9872       0.0037        2.500        3.500   V
  1480   TxBrd_P166_6571_DIO_9_HSD_LO_Voltage           60       2.9858   0.7187E-03        2.9848       2.9868       0.0020        2.500        3.500   V
  1490   TxBrd_P166_6571_DIO_10_HSD_LO_Voltage          60       2.9856   0.7682E-03        2.9845       2.9867       0.0022        2.500        3.500   V
  1500   TxBrd_P166_6571_DIO_11_HSD_LO_Voltage          60       2.9854   0.7544E-03        2.9841       2.9866       0.0024        2.500        3.500   V
  1510   TxBrd_P166_6571_DIO_13_HSD_LO_Voltage          60       2.9844   0.9315E-03        2.9829       2.9857       0.0028        2.500        3.500   V
  1520   TxBrd_P166_6571_DIO_14_HSD_LO_Voltage          60       2.9854   0.9102E-03        2.9840       2.9867       0.0026        2.500        3.500   V
  1530   TxBrd_P166_6571_DIO_15_HSD_LO_Voltage          60       2.9851   0.9233E-03        2.9837       2.9864       0.0027        2.500        3.500   V
  1540   TxBrd_P166_6571_DIO_17_HSD_LO_Voltage          60       2.9857       0.0011        2.9840       2.9871       0.0031        2.500        3.500   V
  1550   TxBrd_P166_6571_DIO_18_HSD_LO_Voltage          60       2.9854       0.0012        2.9837       2.9870       0.0033        2.500        3.500   V
  1560   TxBrd_P166_6571_DIO_19_HSD_LO_Voltage          60       2.9852   0.9357E-03        2.9839       2.9862       0.0023        2.500        3.500   V
  1570   TxBrd_P166_6571_DIO_21_HSD_LO_Voltage          60       2.9851       0.0032        2.9812       2.9889       0.0077        2.500        3.500   V
  1580   TxBrd_P166_6571_DIO_22_HSD_LO_Voltage          60       2.9846       0.0032        2.9806       2.9882       0.0077        2.500        3.500   V
  1590   TxBrd_P166_6571_DIO_23_HSD_LO_Voltage          60       2.9849       0.0031        2.9806       2.9884       0.0078        2.500        3.500   V
  1600   TxBrd_P166_6571_DIO_25_HSD_LO_Voltage          60       2.9855   0.6147E-03        2.9844       2.9865       0.0021        2.500        3.500   V
  1610   TxBrd_P166_6571_DIO_26_HSD_LO_Voltage          60       2.9855   0.5070E-03        2.9846       2.9865       0.0019        2.500        3.500   V
  1620   TxBrd_P166_6571_DIO_27_HSD_LO_Voltage          60       2.9858   0.4868E-03        2.9849       2.9867       0.0018        2.500        3.500   V
  1630   TxBrd_P166_6571_DIO_29_HSD_LO_Voltage          60       2.9863   0.4544E-03        2.9854       2.9871       0.0017        2.500        3.500   V
  1640   TxBrd_P166_6571_DIO_30_HSD_LO_Voltage          60       2.9854   0.4076E-03        2.9847       2.9864       0.0017        2.500        3.500   V
  1650   TxBrd_P166_6571_DIO_31_HSD_LO_Voltage          60       2.9856   0.4559E-03        2.9850       2.9867       0.0017        2.500        3.500   V
  1660   TxBrd_P170_6571_DIO_1_HSD_LO_Voltage           60       2.9867       0.0011        2.9855       2.9883       0.0028        2.500        3.500   V
  1670   TxBrd_P170_6571_DIO_2_HSD_LO_Voltage           60       2.9865       0.0011        2.9848       2.9883       0.0035        2.500        3.500   V
  1680   TxBrd_P170_6571_DIO_3_HSD_LO_Voltage           60       2.9869       0.0011        2.9855       2.9883       0.0028        2.500        3.500   V
  1690   TxBrd_P170_6571_DIO_5_HSD_LO_Voltage           60       2.9840   0.5880E-03        2.9829       2.9851       0.0022        2.500        3.500   V
  1700   TxBrd_P170_6571_DIO_6_HSD_LO_Voltage           60       2.9833   0.5195E-03        2.9824       2.9842       0.0019        2.500        3.500   V
  1710   TxBrd_P170_6571_DIO_7_HSD_LO_Voltage           60       2.9836   0.5229E-03        2.9827       2.9846       0.0019        2.500        3.500   V
  1720   TxBrd_P170_6571_DIO_9_HSD_LO_Voltage           60       2.9874       0.0011        2.9857       2.9889       0.0032        2.500        3.500   V
  1730   TxBrd_P170_6571_DIO_10_HSD_LO_Voltage          60       2.9868   0.9815E-03        2.9855       2.9882       0.0028        2.500        3.500   V
  1740   TxBrd_P170_6571_DIO_11_HSD_LO_Voltage          60       2.9871   0.9879E-03        2.9860       2.9885       0.0026        2.500        3.500   V
  1750   TxBrd_P170_6571_DIO_13_HSD_LO_Voltage          60       2.9855   0.6716E-03        2.9843       2.9867       0.0024        2.500        3.500   V
  1760   TxBrd_P170_6571_DIO_14_HSD_LO_Voltage          60       2.9858   0.5927E-03        2.9845       2.9868       0.0023        2.500        3.500   V
  1770   TxBrd_P170_6571_DIO_15_HSD_LO_Voltage          60       2.9861   0.4485E-03        2.9852       2.9876       0.0024        2.500        3.500   V
  1780   TxBrd_P170_6571_DIO_17_HSD_LO_Voltage          60       2.9863       0.0015        2.9845       2.9882       0.0037        2.500        3.500   V
  1790   TxBrd_P170_6571_DIO_18_HSD_LO_Voltage          60       2.9862       0.0015        2.9844       2.9881       0.0037        2.500        3.500   V
  1800   TxBrd_P170_6571_DIO_19_HSD_LO_Voltage          60       2.9859       0.0014        2.9840       2.9878       0.0038        2.500        3.500   V
  1810   TxBrd_P170_6571_DIO_21_HSD_LO_Voltage          60       2.9876   0.8122E-03        2.9863       2.9891       0.0028        2.500        3.500   V
  1820   TxBrd_P170_6571_DIO_22_HSD_LO_Voltage          60       2.9877   0.7421E-03        2.9866       2.9888       0.0021        2.500        3.500   V
  1830   TxBrd_P170_6571_DIO_23_HSD_LO_Voltage          60       2.9875   0.6467E-03        2.9866       2.9887       0.0021        2.500        3.500   V
  1840   TxBrd_P170_6571_DIO_25_HSD_LO_Voltage          60       2.9849       0.0011        2.9833       2.9865       0.0032        2.500        3.500   V
  1850   TxBrd_P170_6571_DIO_26_HSD_LO_Voltage          60       2.9854   0.9341E-03        2.9839       2.9866       0.0027        2.500        3.500   V
  1860   TxBrd_P170_6571_DIO_27_HSD_LO_Voltage          60       2.9852   0.8038E-03        2.9840       2.9864       0.0024        2.500        3.500   V
  1870   TxBrd_P170_6571_DIO_29_HSD_LO_Voltage          60       2.9854   0.8241E-03        2.9840       2.9865       0.0025        2.500        3.500   V
  1880   TxBrd_P170_6571_DIO_30_HSD_LO_Voltage          60       2.9851   0.9449E-03        2.9836       2.9865       0.0029        2.500        3.500   V
  1890   TxBrd_P170_6571_DIO_31_HSD_LO_Voltage          60       2.9850   0.8068E-03        2.9836       2.9862       0.0026        2.500        3.500   V
  1900   TxBrd_P146_6571_DIO_1_HSD_LO_Voltage           60       2.9859   0.4089E-03        2.9852       2.9867       0.0015        2.500        3.500   V
  1910   TxBrd_P146_6571_DIO_2_HSD_LO_Voltage           60       2.9860   0.4624E-03        2.9851       2.9868       0.0017        2.500        3.500   V
  1920   TxBrd_P146_6571_DIO_3_HSD_LO_Voltage           60       2.9857   0.4257E-03        2.9849       2.9865       0.0015        2.500        3.500   V
  1930   TxBrd_P146_6571_DIO_5_HSD_LO_Voltage           60       2.9851       0.0011        2.9836       2.9867       0.0031        2.500        3.500   V
  1940   TxBrd_P146_6571_DIO_6_HSD_LO_Voltage           60       2.9852       0.0010        2.9835       2.9868       0.0033        2.500        3.500   V
  1950   TxBrd_P146_6571_DIO_7_HSD_LO_Voltage           60       2.9849       0.0010        2.9836       2.9863       0.0027        2.500        3.500   V
  1960   TxBrd_P146_6571_DIO_9_HSD_LO_Voltage           60       2.9866   0.6118E-03        2.9858       2.9877       0.0019        2.500        3.500   V
  1970   TxBrd_P146_6571_DIO_10_HSD_LO_Voltage          60       2.9863   0.7018E-03        2.9853       2.9876       0.0024        2.500        3.500   V
  1980   TxBrd_P146_6571_DIO_11_HSD_LO_Voltage          60       2.9860   0.7288E-03        2.9849       2.9874       0.0025        2.500        3.500   V
  1990   TxBrd_P146_6571_DIO_13_HSD_LO_Voltage          60       2.9850   0.5159E-03        2.9840       2.9858       0.0018        2.500        3.500   V
  2000   TxBrd_P146_6571_DIO_14_HSD_LO_Voltage          60       2.9859   0.6342E-03        2.9848       2.9871       0.0022        2.500        3.500   V
  2010   TxBrd_P146_6571_DIO_15_HSD_LO_Voltage          60       2.9857   0.6247E-03        2.9848       2.9868       0.0020        2.500        3.500   V
  2020   TxBrd_P146_6571_DIO_17_HSD_LO_Voltage          60       2.9877   0.4314E-03        2.9867       2.9883       0.0016        2.500        3.500   V
  2030   TxBrd_P146_6571_DIO_18_HSD_LO_Voltage          60       2.9873   0.5050E-03        2.9865       2.9883       0.0019        2.500        3.500   V
  2040   TxBrd_P146_6571_DIO_19_HSD_LO_Voltage          60       2.9875   0.4751E-03        2.9866       2.9883       0.0017        2.500        3.500   V
  2050   TxBrd_P146_6571_DIO_21_HSD_LO_Voltage          60       2.9889   0.3030E-03        2.9881       2.9894       0.0012        2.500        3.500   V
  2060   TxBrd_P146_6571_DIO_22_HSD_LO_Voltage          60       2.9882   0.2736E-03        2.9876       2.9890       0.0014        2.500        3.500   V
  2070   TxBrd_P146_6571_DIO_23_HSD_LO_Voltage          60       2.9884   0.3327E-03        2.9877       2.9889       0.0012        2.500        3.500   V
  2080   TxBrd_P146_6571_DIO_25_HSD_LO_Voltage          60       2.9870   0.8619E-03        2.9858       2.9882       0.0024        2.500        3.500   V
  2090   TxBrd_P146_6571_DIO_26_HSD_LO_Voltage          60       2.9872   0.7189E-03        2.9860       2.9882       0.0022        2.500        3.500   V
  2100   TxBrd_P146_6571_DIO_27_HSD_LO_Voltage          60       2.9874   0.7511E-03        2.9862       2.9886       0.0024        2.500        3.500   V
  2110   TxBrd_P146_6571_DIO_29_HSD_LO_Voltage          60       2.9863   0.5945E-03        2.9854       2.9873       0.0019        2.500        3.500   V
  2120   TxBrd_P146_6571_DIO_30_HSD_LO_Voltage          60       2.9858   0.6136E-03        2.9849       2.9870       0.0021        2.500        3.500   V
  2130   TxBrd_P146_6571_DIO_31_HSD_LO_Voltage          60       2.9861   0.4999E-03        2.9851       2.9871       0.0020        2.500        3.500   V
  2140   TxBrd_P154_6571_DIO_1_HSD_LO_Voltage           60       2.9866   0.7671E-03        2.9856       2.9877       0.0021        2.500        3.500   V
  2150   TxBrd_P154_6571_DIO_2_HSD_LO_Voltage           60       2.9865   0.8021E-03        2.9853       2.9876       0.0023        2.500        3.500   V
  2160   TxBrd_P154_6571_DIO_3_HSD_LO_Voltage           60       2.9863   0.8747E-03        2.9848       2.9874       0.0025        2.500        3.500   V
  2170   TxBrd_P154_6571_DIO_5_HSD_LO_Voltage           60       2.9844       0.0013        2.9828       2.9863       0.0036        2.500        3.500   V
  2180   TxBrd_P154_6571_DIO_6_HSD_LO_Voltage           60       2.9842       0.0014        2.9822       2.9861       0.0039        2.500        3.500   V
  2190   TxBrd_P154_6571_DIO_7_HSD_LO_Voltage           60       2.9834   0.9961E-03        2.9818       2.9847       0.0029        2.500        3.500   V
  2200   TxBrd_P154_6571_DIO_9_HSD_LO_Voltage           60       2.9869       0.0010        2.9854       2.9882       0.0028        2.500        3.500   V
  2210   TxBrd_P154_6571_DIO_10_HSD_LO_Voltage          60       2.9864   0.9732E-03        2.9850       2.9878       0.0028        2.500        3.500   V
  2220   TxBrd_P154_6571_DIO_11_HSD_LO_Voltage          60       2.9863   0.9555E-03        2.9849       2.9876       0.0027        2.500        3.500   V
  2230   TxBrd_P154_6571_DIO_13_HSD_LO_Voltage          60       2.9860   0.9394E-03        2.9847       2.9873       0.0025        2.500        3.500   V
  2240   TxBrd_P154_6571_DIO_14_HSD_LO_Voltage          60       2.9852       0.0027        2.9823       2.9886       0.0063        2.500        3.500   V
  2250   TxBrd_P154_6571_DIO_15_HSD_LO_Voltage          60       2.9868   0.9079E-03        2.9854       2.9882       0.0028        2.500        3.500   V
  2260   TxBrd_P154_DIO24_POOL_Open                     60       5.8141       0.0118        5.8015       5.8265       0.0250        3.000        6.000   V
  2270   TxBrd_P154_DIO25_POOL_Open                     60       5.8037       0.0094        5.7939       5.8137       0.0198        3.000        6.000   V
  2280   TxBrd_P154_DIO26_POOL_Open                     60       5.8133       0.0050        5.8080       5.8188       0.0108        3.000        6.000   V
  2290   TxBrd_P154_DIO27_POOL_Open                     60       5.8100       0.0027        5.8069       5.8135       0.0066        3.000        6.000   V
  2300   TxBrd_P154_DIO28_POOL_Open                     60       5.8153       0.0036        5.8114       5.8194       0.0080        3.000        6.000   V
  2310   TxBrd_P154_DIO29_POOL_Open                     60       5.8189       0.0022        5.8161       5.8214       0.0053        3.000        6.000   V
  2320   TxBrd_P154_DIO30_POOL_Open                     60       5.8164   0.8100E-03        5.8152       5.8179       0.0027        3.000        6.000   V
  2330   TxBrd_P154_DIO31_POOL_Open                     60       5.8132   0.5334E-03        5.8123       5.8143       0.0020        3.000        6.000   V
  2340   TxBrd_P154_DIO24_POOL_Grounded                 60       0.0275       0.0011        0.0261       0.0290       0.0029       -0.500        0.500   V
  2350   TxBrd_P154_DIO25_POOL_Grounded                 60       0.0279   0.2808E-03        0.0274       0.0284       0.0010       -0.500        0.500   V
  2360   TxBrd_P154_DIO26_POOL_Grounded                 60       0.0263   0.1388E-03        0.0260       0.0265   0.5634E-03       -0.500        0.500   V
  2370   TxBrd_P154_DIO27_POOL_Grounded                 60       0.0267   0.3704E-03        0.0262       0.0273       0.0011       -0.500        0.500   V
  2380   TxBrd_P154_DIO28_POOL_Grounded                 60       0.0248   0.1851E-03        0.0243       0.0253       0.0010       -0.500        0.500   V
  2390   TxBrd_P154_DIO29_POOL_Grounded                 60       0.0253   0.6592E-03        0.0246       0.0262       0.0016       -0.500        0.500   V
  2400   TxBrd_P154_DIO30_POOL_Grounded                 60       0.0264   0.5168E-03        0.0256       0.0272       0.0016       -0.500        0.500   V
  2410   TxBrd_P154_DIO31_POOL_Grounded                 60       0.0272   0.4459E-03        0.0264       0.0280       0.0016       -0.500        0.500   V
  2420   TxBrd_P154_DIO24_WinComp_Inside                60      -0.9117   0.6171E-03       -0.9127      -0.9109       0.0017       -1.100       -0.700   V
  2430   TxBrd_P154_DIO25_WinComp_Inside                60      -0.9173   0.2654E-03       -0.9180      -0.9169       0.0010       -1.100       -0.700   V
  2440   TxBrd_P154_DIO26_WinComp_Inside                60      -0.9177   0.2553E-03       -0.9180      -0.9172   0.7801E-03       -1.100       -0.700   V
  2450   TxBrd_P154_DIO27_WinComp_Inside                60      -0.9196   0.1910E-03       -0.9199      -0.9192   0.7362E-03       -1.100       -0.700   V
  2460   TxBrd_P154_DIO28_WinComp_Inside                60      -0.9190   0.2006E-03       -0.9195      -0.9185       0.0010       -1.100       -0.700   V
  2470   TxBrd_P154_DIO29_WinComp_Inside                60      -0.9188   0.1958E-03       -0.9192      -0.9185   0.7279E-03       -1.100       -0.700   V
  2480   TxBrd_P154_DIO30_WinComp_Inside                60      -0.9180   0.1825E-03       -0.9184      -0.9177   0.7268E-03       -1.100       -0.700   V
  2490   TxBrd_P154_DIO31_WinComp_Inside                60      -0.9156   0.1670E-03       -0.9160      -0.9153   0.6935E-03       -1.100       -0.700   V
  2500   TxBrd_P154_DIO24_WinComp_Outside               60      -1.7073       0.0010       -1.7084      -1.7060       0.0024       -1.900       -1.500   V
  2510   TxBrd_P154_DIO25_WinComp_Outside               60      -1.7188   0.3844E-03       -1.7194      -1.7182       0.0013       -1.900       -1.500   V
  2520   TxBrd_P154_DIO26_WinComp_Outside               60      -1.7165   0.4131E-03       -1.7172      -1.7157       0.0015       -1.900       -1.500   V
  2530   TxBrd_P154_DIO27_WinComp_Outside               60      -1.7225   0.3330E-03       -1.7232      -1.7220       0.0012       -1.900       -1.500   V
  2540   TxBrd_P154_DIO28_WinComp_Outside               60      -1.7168   0.4839E-03       -1.7175      -1.7161       0.0015       -1.900       -1.500   V
  2550   TxBrd_P154_DIO29_WinComp_Outside               60      -1.7202   0.2906E-03       -1.7207      -1.7197   0.9596E-03       -1.900       -1.500   V
  2560   TxBrd_P154_DIO30_WinComp_Outside               60      -1.7181   0.2100E-03       -1.7185      -1.7178   0.7498E-03       -1.900       -1.500   V
  2570   TxBrd_P154_DIO31_WinComp_Outside               60      -1.7119   0.1597E-03       -1.7123      -1.7116   0.6863E-03       -1.900       -1.500   V
  2580   TxBrd_HMOD1_Droop                              60       0.0044   0.2795E-03        0.0038       0.0050       0.0012        0.003        0.008   V
  2590   TxBrd_HMOD2_Droop                              60       0.0045   0.2571E-03        0.0038       0.0051       0.0014        0.003        0.008   V
  2600   TxBrd_HMOD3_Droop                              60       0.0042   0.2666E-03        0.0038       0.0050       0.0012        0.003        0.008   V
  2610   TxBrd_HMOD4_Droop                              60       0.0044   0.2868E-03        0.0038       0.0049       0.0011        0.003        0.008   V
  2620   TxBrd_HMOD5_Droop                              60       0.0043   0.2663E-03        0.0038       0.0050       0.0012        0.003        0.008   V
  2630   TxBrd_HMOD6_Droop                              60       0.0045   0.2987E-03        0.0038       0.0052       0.0014        0.003        0.008   V
  2640   TxBrd_HMOD7_Droop                              60       0.0045   0.2884E-03        0.0036       0.0050       0.0014        0.003        0.008   V
  2650   TxBrd_HMOD8_Droop                              60       0.0045   0.2745E-03        0.0037       0.0050       0.0013        0.003        0.008   V
  2660   TxBrd_HMOD9_Droop                              60       0.0045   0.2802E-03        0.0040       0.0051       0.0012        0.003        0.008   V
  2670   TxBrd_HMOD10_Droop                             60       0.0045   0.2724E-03        0.0039       0.0051       0.0012        0.003        0.008   V
  2680   TxBrd_HMOD11_Droop                             60       0.0045   0.2528E-03        0.0039       0.0050       0.0010        0.003        0.008   V
  2690   TxBrd_HMOD12_Droop                             60       0.0045   0.2933E-03        0.0038       0.0052       0.0013        0.003        0.008   V
  2700   TxBrd_HMOD13_Droop                             60       0.0044   0.2917E-03        0.0038       0.0051       0.0013        0.003        0.008   V
  2710   TxBrd_HMOD14_Droop                             60       0.0760       0.0020        0.0736       0.0784       0.0048        0.050        0.115   V
  2720   TxBrd_HMOD15_Droop                             60       0.0764       0.0021        0.0740       0.0790       0.0050        0.050        0.115   V
  2730   TxBrd_HMOD16_Droop                             60       0.0764       0.0021        0.0739       0.0791       0.0052        0.050        0.115   V
  2740   TxBrd_HMOD17_Droop                             60       0.0764       0.0021        0.0739       0.0789       0.0050        0.050        0.115   V
  2750   TxBrd_HMOD19_Droop                             60       0.0763       0.0018        0.0741       0.0784       0.0043        0.050        0.115   V
  2760   TxBrd_HMOD20_Droop                             60       0.0763       0.0019        0.0740       0.0788       0.0048        0.050        0.115   V
  2770   TxBrd_HMOD21_Droop                             60       0.0765       0.0021        0.0741       0.0790       0.0049        0.050        0.115   V
  2780   TxBrd_HMOD22_Droop                             60       0.0764       0.0018        0.0743       0.0787       0.0044        0.050        0.115   V
  2790   TxBrd_HMOD23_Droop                             60       0.0769       0.0021        0.0744       0.0793       0.0048        0.050        0.115   V
    -1   Test Site Number                               60       0.0000       0.0000        0.0000       0.0000       0.0000          N/A          N/A    
    -2   Test Head Number                               60       1.0000       0.0000        1.0000       1.0000       0.0000          N/A          N/A    
    -3   Wafer Number                                   60       0.0000       0.0000        0.0000       0.0000       0.0000          N/A          N/A    
    -4   Wafer X Coordinate                             60   -32.768E+03       0.0000    -32.768E+03   -32.768E+03       0.0000          N/A          N/A    
    -5   Wafer Y Coordinate                             60   -32.768E+03       0.0000    -32.768E+03   -32.768E+03       0.0000          N/A          N/A    

